0 : [628 396]
1 : [218 377]
2 : [594 277]
3 : [299 268]
time: 0.6313188759995683


0 : [628 396]
1 : [218 377]
2 : [594 277]
3 : [299 268]
time: 0.5005712540005334


0 : [628 396]
1 : [218 377]
2 : [594 277]
3 : [299 268]
time: 0.029460239999934856


0 : [628 396]
1 : [218 377]
2 : [594 277]
3 : [299 268]
time: 0.029746721999799774


0 : [628 396]
1 : [218 377]
2 : [594 277]
3 : [299 268]
time: 0.030109395000181394


0 : [628 396]
1 : [218 377]
2 : [594 277]
3 : [299 268]
time: 0.029863859000215598


0 : [628 396]
1 : [218 377]
2 : [594 277]
3 : [299 268]
time: 0.030268479000369553


0 : [628 396]
1 : [218 377]
2 : [594 277]
3 : [299 268]
time: 0.03117228600058297


0 : [628 396]
1 : [218 377]
2 : [594 277]
3 : [299 268]
time: 0.031665983000493725


0 : [628 396]
1 : [218 377]
2 : [594 277]
3 : [299 268]
time: 0.028667206000136503


0 : [628 396]
1 : [218 377]
2 : [594 277]
3 : [299 268]
time: 0.030240815000070143


0 : [628 396]
1 : [218 377]
2 : [594 277]
3 : [299 268]
time: 0.028641736999816203


0 : [628 396]
1 : [218 377]
2 : [594 277]
3 : [299 268]
time: 0.030437229999733972


0 : [628 396]
1 : [218 377]
2 : [594 277]
3 : [299 268]
time: 0.030517078000229958


0 : [628 396]
1 : [218 377]
2 : [594 277]
3 : [299 268]
time: 0.029500972999812802


0 : [628 396]
1 : [218 377]
2 : [594 277]
3 : [299 268]
time: 0.03071002600063366


0 : [628 396]
1 : [218 377]
2 : [594 277]
3 : [299 268]
time: 0.029823570999724325


0 : [628 396]
1 : [218 377]
2 : [594 277]
3 : [299 268]
time: 0.029674714999600837


0 : [628 396]
1 : [218 377]
2 : [594 277]
3 : [299 268]
time: 0.5217090820005978


0 : [628 396]
1 : [218 377]
2 : [594 277]
3 : [299 268]
time: 0.501104703999772


0 : [628 396]
1 : [218 377]
2 : [594 277]
3 : [299 268]
time: 0.029621724000207905


0 : [628 396]
1 : [218 377]
2 : [594 277]
3 : [299 268]
time: 0.029780328000015288


0 : [628 396]
1 : [218 377]
2 : [594 277]
3 : [299 268]
time: 0.030076547999669856


0 : [628 396]
1 : [218 377]
2 : [594 277]
3 : [299 268]
time: 0.030105621999609866


0 : [628 396]
1 : [218 377]
2 : [594 277]
3 : [299 268]
time: 0.030394958999750088


0 : [628 396]
1 : [218 377]
2 : [594 277]
3 : [299 268]
time: 0.029143887999453


0 : [628 396]
1 : [218 377]
2 : [594 277]
3 : [299 268]
time: 0.030105381000794296


0 : [628 396]
1 : [218 377]
2 : [594 277]
3 : [299 268]
time: 0.030296124999949825


0 : [628 396]
1 : [218 377]
2 : [594 277]
3 : [299 268]
time: 0.029979928000102518


0 : [628 396]
1 : [218 377]
2 : [594 277]
3 : [299 268]
time: 0.030733956999938528


0 : [628 396]
1 : [218 377]
2 : [592 277]
3 : [299 268]
time: 0.03034104899961676


0 : [628 396]
1 : [218 377]
2 : [592 277]
3 : [299 268]
time: 0.029672388000108185


0 : [628 396]
1 : [218 377]
2 : [592 277]
3 : [299 268]
time: 0.030843280000226514


0 : [628 396]
1 : [218 377]
2 : [592 277]
3 : [299 268]
time: 0.030392745000426657


0 : [628 396]
1 : [218 377]
2 : [592 277]
3 : [299 268]
time: 0.029835620999620005


0 : [628 396]
1 : [218 377]
2 : [592 277]
3 : [299 268]
time: 0.029755311999906553


0 : [628 396]
1 : [218 377]
2 : [592 277]
3 : [299 268]
time: 0.030276068000603118


0 : [628 396]
1 : [218 377]
2 : [592 277]
3 : [299 268]
time: 0.030837740999231755


0 : [628 396]
1 : [218 377]
2 : [592 277]
3 : [299 268]
time: 0.030348461999892606


0 : [628 396]
1 : [218 377]
2 : [592 277]
3 : [299 268]
time: 0.02990893700007291


0 : [628 396]
1 : [218 377]
2 : [592 277]
3 : [299 268]
time: 0.031047208999552822


0 : [628 396]
1 : [218 377]
2 : [592 277]
3 : [299 268]
time: 0.030165191999913077


0 : [628 396]
1 : [218 377]
2 : [592 277]
3 : [299 268]
time: 0.02969402800044918


0 : [628 397]
1 : [219 377]
2 : [592 277]
3 : [299 268]
time: 0.030126870999993116


0 : [628 397]
1 : [219 377]
2 : [592 277]
3 : [299 268]
time: 0.029575556000054348


0 : [628 396]
1 : [218 377]
2 : [592 277]
3 : [299 268]
time: 0.029652037999767344


0 : [628 396]
1 : [218 377]
2 : [592 277]
3 : [299 268]
time: 0.031116594999730296


0 : [628 396]
1 : [218 377]
2 : [592 277]
3 : [299 268]
time: 0.02882284899988008


0 : [628 396]
1 : [218 377]
2 : [592 277]
3 : [299 268]
time: 0.03092487899994012


0 : [628 396]
1 : [218 377]
2 : [592 277]
3 : [299 268]
time: 0.029665303000001586


0 : [628 396]
1 : [218 377]
2 : [592 277]
3 : [299 268]
time: 0.029885711000133597


0 : [628 396]
1 : [218 377]
2 : [592 277]
3 : [299 268]
time: 0.030369850000170118


0 : [628 396]
1 : [218 377]
2 : [592 277]
3 : [299 268]
time: 0.030520128000716795


0 : [628 396]
1 : [218 377]
2 : [592 277]
3 : [299 268]
time: 0.030542610000338755


0 : [628 396]
1 : [218 377]
2 : [592 277]
3 : [299 268]
time: 0.03037445799964189


0 : [628 396]
1 : [218 377]
2 : [592 277]
3 : [299 268]
time: 0.030469373999949312


0 : [628 396]
1 : [218 377]
2 : [592 277]
3 : [299 268]
time: 0.029133444999388303


0 : [628 396]
1 : [218 377]
2 : [592 277]
3 : [299 268]
time: 0.03056038299928332


0 : [628 396]
1 : [218 377]
2 : [592 277]
3 : [299 268]
time: 0.031243108999660762


0 : [628 396]
1 : [218 377]
2 : [592 277]
3 : [299 268]
time: 0.030085771999438293


0 : [628 396]
1 : [219 377]
2 : [593 277]
3 : [299 268]
time: 0.030144772000312514


0 : [628 396]
1 : [219 377]
2 : [593 277]
3 : [299 268]
time: 0.03048090599986608


0 : [628 396]
1 : [219 377]
2 : [593 277]
3 : [299 268]
time: 0.03008338800009369


0 : [0, 0]
1 : [219 377]
2 : [593 277]
3 : [299 268]
time: 0.029416780999781622


0 : [0, 0]
1 : [219 377]
2 : [593 277]
3 : [299 268]
time: 0.030614653999691654


0 : [0, 0]
1 : [219 377]
2 : [593 277]
3 : [299 268]
time: 0.02922215899980074


0 : [0, 0]
1 : [219 377]
2 : [593 277]
3 : [299 268]
time: 0.030669466000290413


0 : [0, 0]
1 : [219 377]
2 : [593 277]
3 : [299 268]
time: 0.02979616500033444


0 : [0, 0]
1 : [219 377]
2 : [593 277]
3 : [299 268]
time: 0.030608863000452402


0 : [0, 0]
1 : [219 377]
2 : [593 277]
3 : [299 268]
time: 0.02924142599931656


0 : [0, 0]
1 : [219 377]
2 : [593 277]
3 : [299 268]
time: 0.03004765200057591


0 : [0, 0]
1 : [219 377]
2 : [593 277]
3 : [299 268]
time: 0.030308725999930175


0 : [0, 0]
1 : [219 377]
2 : [593 277]
3 : [299 268]
time: 0.029621850999319577


0 : [0, 0]
1 : [219 377]
2 : [593 277]
3 : [299 268]
time: 0.03037134199985303


0 : [0, 0]
1 : [219 377]
2 : [592 277]
3 : [299 268]
time: 0.02974826599984226


0 : [0, 0]
1 : [219 377]
2 : [592 277]
3 : [299 268]
time: 0.030181710000761086


0 : [0, 0]
1 : [219 377]
2 : [592 277]
3 : [299 268]
time: 0.030444769000496308


0 : [0, 0]
1 : [219 377]
2 : [592 277]
3 : [299 268]
time: 0.030229597000470676


0 : [0, 0]
1 : [219 377]
2 : [592 277]
3 : [299 268]
time: 0.029915043000073638


0 : [0, 0]
1 : [219 377]
2 : [592 277]
3 : [299 268]
time: 0.030576660000406264


0 : [0, 0]
1 : [219 377]
2 : [592 277]
3 : [299 268]
time: 0.030425449999711418


0 : [0, 0]
1 : [219 377]
2 : [592 277]
3 : [299 268]
time: 0.030150458999742114


0 : [0, 0]
1 : [219 377]
2 : [592 277]
3 : [299 268]
time: 0.03044747100011591


0 : [0, 0]
1 : [219 377]
2 : [592 277]
3 : [299 268]
time: 0.03068157599955157


0 : [0, 0]
1 : [219 377]
2 : [592 277]
3 : [299 268]
time: 0.030662840000331926


0 : [0, 0]
1 : [219 377]
2 : [592 277]
3 : [299 268]
time: 0.030163463999997475


0 : [0, 0]
1 : [219 377]
2 : [592 277]
3 : [299 268]
time: 0.028926477999448252


0 : [0, 0]
1 : [218 377]
2 : [592 277]
3 : [297 268]
time: 0.030626963999566215


0 : [0, 0]
1 : [216 377]
2 : [590 277]
3 : [296 268]
time: 0.029653507999682915


0 : [0, 0]
1 : [214 377]
2 : [589 277]
3 : [294 268]
time: 0.03025377100038895


0 : [621 396]
1 : [213 377]
2 : [586 277]
3 : [292 268]
time: 0.030796058000305493


0 : [621 396]
1 : [213 377]
2 : [586 277]
3 : [292 268]
time: 0.029389568000624422


0 : [620 396]
1 : [211 377]
2 : [586 277]
3 : [291 268]
time: 0.029408161999526783


0 : [617 396]
1 : [208 377]
2 : [583 277]
3 : [288 268]
time: 0.029990171999997983


0 : [616 396]
1 : [206 377]
2 : [581 277]
3 : [286 268]
time: 0.03055741499974829


0 : [616 396]
1 : [206 377]
2 : [581 277]
3 : [286 268]
time: 0.029713599000388058


0 : [614 396]
1 : [205 377]
2 : [579 277]
3 : [285 268]
time: 0.03058235099979356


0 : [612 396]
1 : [202 377]
2 : [577 277]
3 : [282 268]
time: 0.029016436000347312


0 : [611 396]
1 : [201 377]
2 : [576 277]
3 : [281 268]
time: 0.030551875000128348


0 : [610 396]
1 : [200 377]
2 : [575 277]
3 : [281 268]
time: 0.030695490999278263


0 : [610 396]
1 : [200 377]
2 : [575 277]
3 : [281 268]
time: 0.029770946000098775


0 : [607 396]
1 : [198 377]
2 : [573 277]
3 : [278 268]
time: 0.02907582599982561


0 : [605 396]
1 : [195 377]
2 : [571 277]
3 : [276 268]
time: 0.029969894999339886


0 : [602 396]
1 : [192 377]
2 : [567 277]
3 : [272 268]
time: 0.031399036000038905


0 : [600 396]
1 : [191 377]
2 : [565 277]
3 : [271 268]
time: 0.029813173000547977


0 : [600 396]
1 : [191 377]
2 : [565 277]
3 : [271 268]
time: 0.029884835999837378


0 : [596 396]
1 : [187 377]
2 : [561 277]
3 : [267 268]
time: 0.029434340999614506


0 : [594 397]
1 : [185 377]
2 : [560 277]
3 : [265 268]
time: 0.030725247000191303


0 : [591 397]
1 : [181 377]
2 : [556 277]
3 : [261 268]
time: 0.030156560999785142


0 : [587 397]
1 : [177 377]
2 : [553 277]
3 : [258 268]
time: 0.030160549000356696


0 : [587 397]
1 : [177 377]
2 : [553 277]
3 : [258 268]
time: 0.03138168300029065


0 : [584 397]
1 : [174 377]
2 : [549 277]
3 : [254 268]
time: 0.0301030089995038


0 : [584 397]
1 : [170 377]
2 : [545 277]
3 : [250 268]
time: 0.030210498000087682


0 : [573 397]
1 : [163 377]
2 : [539 277]
3 : [244 268]
time: 0.029798725000546256


0 : [567 397]
1 : [158 377]
2 : [533 277]
3 : [238 268]
time: 0.030013482999493135


0 : [567 397]
1 : [158 377]
2 : [533 277]
3 : [238 268]
time: 0.030366949000381283


0 : [565 396]
1 : [156 377]
2 : [531 277]
3 : [236 268]
time: 0.030223171999750775


0 : [560 396]
1 : [150 377]
2 : [525 277]
3 : [231 268]
time: 0.029360741999880702


0 : [556 396]
1 : [147 377]
2 : [522 277]
3 : [227 268]
time: 0.029489149999790243


0 : [556 396]
1 : [144 377]
2 : [519 277]
3 : [224 268]
time: 0.030077190999691084


0 : [553 396]
1 : [144 377]
2 : [519 277]
3 : [224 268]
time: 0.030447298000581213


0 : [548 396]
1 : [139 377]
2 : [514 277]
3 : [219 268]
time: 0.03074012099932588


0 : [545 396]
1 : [136 377]
2 : [511 277]
3 : [216 268]
time: 0.030362661000253865


0 : [545 396]
1 : [130 377]
2 : [505 277]
3 : [210 268]
time: 0.030037197000638116


0 : [545 396]
1 : [126 377]
2 : [501 277]
3 : [206 268]
time: 0.03115762499965058


0 : [545 396]
1 : [126 377]
2 : [501 277]
3 : [206 268]
time: 0.03033149300063087


0 : [530 396]
1 : [121 377]
2 : [496 277]
3 : [201 268]
time: 0.029943202999675123


0 : [527 396]
1 : [118 377]
2 : [492 277]
3 : [197 268]
time: 0.029109585999322007


0 : [522 396]
1 : [113 377]
2 : [488 277]
3 : [192 268]
time: 0.030290826999589626


0 : [519 396]
1 : [110 377]
2 : [485 277]
3 : [189 268]
time: 0.030189729999619885


0 : [519 396]
1 : [105 377]
2 : [480 277]
3 : [185 268]
time: 0.030452718000560708


0 : [519 396]
1 : [105 377]
2 : [480 277]
3 : [185 268]
time: 0.03009905199996865


0 : [519 396]
1 : [101 377]
2 : [476 277]
3 : [181 268]
time: 0.02930900599949382


0 : [505 396]
1 : [ 96 377]
2 : [471 277]
3 : [176 268]
time: 0.0302663919992483


0 : [505 396]
1 : [ 92 377]
2 : [467 277]
3 : [172 268]
time: 0.03125768100017012


0 : [499 396]
1 : [ 90 377]
2 : [464 277]
3 : [170 268]
time: 0.030115322000710876


0 : [499 396]
1 : [ 90 377]
2 : [464 277]
3 : [170 268]
time: 0.029974641000080737


0 : [498 396]
1 : [ 88 377]
2 : [463 277]
3 : [168 268]
time: 0.029783455999677244


0 : [498 396]
1 : [ 88 377]
2 : [463 277]
3 : [168 268]
time: 0.030256613999881665


0 : [498 396]
1 : [ 88 377]
2 : [463 277]
3 : [168 268]
time: 0.03053617299974576


0 : [498 396]
1 : [ 88 377]
2 : [463 277]
3 : [168 268]
time: 0.03007936499943753


0 : [498 396]
1 : [ 88 377]
2 : [462 277]
3 : [168 268]
time: 0.030386704999727954


0 : [499 396]
1 : [ 89 377]
2 : [463 277]
3 : [169 268]
time: 0.030311345999507466


0 : [499 396]
1 : [ 91 377]
2 : [465 277]
3 : [171 268]
time: 0.03025888699994539


0 : [502 396]
1 : [ 92 377]
2 : [467 277]
3 : [172 268]
time: 0.029442701999869314


0 : [502 396]
1 : [ 92 377]
2 : [467 277]
3 : [172 268]
time: 0.031064028999935545


0 : [504 396]
1 : [ 94 377]
2 : [469 277]
3 : [175 268]
time: 0.030029490000742953


0 : [504 396]
1 : [ 98 377]
2 : [472 277]
3 : [178 268]
time: 0.03086843700020836


0 : [518 397]
1 : [108 377]
2 : [483 277]
3 : [189 268]
time: 0.029917042000306537


0 : [524 396]
1 : [114 377]
2 : [488 277]
3 : [194 268]
time: 0.03062541599956603


0 : [530 396]
1 : [120 377]
2 : [495 277]
3 : [200 268]
time: 0.029601917000036337


0 : [530 396]
1 : [120 377]
2 : [495 277]
3 : [200 268]
time: 0.030573419000575086


0 : [536 396]
1 : [126 377]
2 : [500 277]
3 : [206 268]
time: 0.028960067000298295


0 : [546 396]
1 : [136 377]
2 : [511 277]
3 : [217 268]
time: 0.03022032399985619


0 : [552 396]
1 : [143 377]
2 : [518 277]
3 : [223 268]
time: 0.031079438000233495


0 : [565 396]
1 : [156 377]
2 : [530 277]
3 : [236 268]
time: 0.03168138399996678


0 : [565 396]
1 : [156 377]
2 : [530 277]
3 : [236 268]
time: 0.029384602999925846


0 : [574 396]
1 : [165 377]
2 : [539 277]
3 : [245 268]
time: 0.030919079999875976


0 : [579 396]
1 : [169 377]
2 : [544 277]
3 : [249 268]
time: 0.02903923299982125


0 : [584 396]
1 : [175 377]
2 : [550 277]
3 : [255 268]
time: 0.030493090000163647


0 : [590 396]
1 : [180 377]
2 : [555 277]
3 : [260 268]
time: 0.03037749499981146


0 : [590 396]
1 : [180 377]
2 : [555 277]
3 : [260 268]
time: 0.029805404000398994


0 : [590 396]
1 : [185 377]
2 : [560 277]
3 : [265 268]
time: 0.029934655000033672


0 : [590 396]
1 : [191 377]
2 : [566 277]
3 : [271 268]
time: 0.030055166999773064


0 : [590 396]
1 : [193 377]
2 : [568 277]
3 : [273 268]
time: 0.030481898999823898


0 : [606 396]
1 : [197 377]
2 : [572 277]
3 : [277 268]
time: 0.029184070999690448


0 : [606 396]
1 : [197 377]
2 : [572 277]
3 : [277 268]
time: 0.030628051000348933


0 : [608 396]
1 : [199 377]
2 : [574 277]
3 : [279 268]
time: 0.02947745500023302


0 : [611 396]
1 : [201 377]
2 : [576 277]
3 : [281 268]
time: 0.03019531699919753


0 : [611 396]
1 : [203 377]
2 : [578 277]
3 : [283 268]
time: 0.030606661000092572


0 : [616 396]
1 : [206 377]
2 : [581 277]
3 : [286 268]
time: 0.0298356800003603


0 : [616 396]
1 : [206 377]
2 : [581 277]
3 : [286 268]
time: 0.030496907000269857


0 : [616 396]
1 : [207 377]
2 : [582 277]
3 : [287 268]
time: 0.02971099900059926


0 : [616 396]
1 : [207 377]
2 : [582 277]
3 : [287 268]
time: 0.030072970000219357


0 : [619 396]
1 : [209 377]
2 : [584 277]
3 : [289 268]
time: 0.029358636000324623


0 : [621 396]
1 : [212 377]
2 : [587 277]
3 : [292 268]
time: 0.030776897000578174


0 : [621 396]
1 : [212 377]
2 : [587 277]
3 : [292 268]
time: 0.02969697200023802


0 : [623 396]
1 : [214 377]
2 : [589 277]
3 : [294 268]
time: 0.029338135000216425


0 : [625 396]
1 : [215 377]
2 : [590 277]
3 : [295 268]
time: 0.0301110089994836


0 : [626 396]
1 : [217 377]
2 : [592 277]
3 : [297 268]
time: 0.030709769000168308


0 : [627 396]
1 : [218 377]
2 : [593 277]
3 : [298 268]
time: 0.030108505000498553


0 : [627 396]
1 : [218 377]
2 : [593 277]
3 : [298 268]
time: 0.03027049399952375


0 : [627 396]
1 : [218 377]
2 : [593 277]
3 : [298 268]
time: 0.029473625999344222


0 : [627 396]
1 : [218 377]
2 : [593 277]
3 : [298 268]
time: 0.030237052999837033


0 : [628 396]
1 : [219 377]
2 : [593 277]
3 : [299 268]
time: 0.029321664000235614


0 : [628 396]
1 : [219 377]
2 : [593 277]
3 : [299 268]
time: 0.02986176600006729


0 : [628 396]
1 : [219 377]
2 : [593 277]
3 : [299 268]
time: 0.030862753000292287


0 : [628 396]
1 : [219 377]
2 : [593 277]
3 : [299 268]
time: 0.030072096999901987


0 : [628 396]
1 : [219 377]
2 : [593 277]
3 : [299 268]
time: 0.03136166900003445


0 : [628 396]
1 : [219 377]
2 : [593 277]
3 : [299 268]
time: 0.030878362000294146


0 : [628 396]
1 : [219 377]
2 : [593 277]
3 : [299 268]
time: 0.0299474650000775


0 : [628 396]
1 : [219 377]
2 : [593 277]
3 : [299 268]
time: 0.03048649500033207


0 : [628 396]
1 : [219 377]
2 : [593 277]
3 : [299 268]
time: 0.03024654000000737


0 : [628 396]
1 : [219 377]
2 : [593 277]
3 : [299 268]
time: 0.030912454999452166


0 : [628 396]
1 : [219 377]
2 : [593 277]
3 : [299 268]
time: 0.029614666999805195


0 : [628 396]
1 : [219 377]
2 : [593 277]
3 : [299 268]
time: 0.030466678000266256


0 : [628 396]
1 : [219 377]
2 : [593 277]
3 : [299 268]
time: 0.02996561800046038


0 : [628 396]
1 : [219 377]
2 : [593 277]
3 : [299 268]
time: 0.029583791000732163


0 : [628 396]
1 : [219 377]
2 : [593 277]
3 : [299 268]
time: 0.02982329499991465


0 : [628 396]
1 : [219 377]
2 : [593 277]
3 : [299 268]
time: 0.03048916999978246


0 : [628 396]
1 : [221 377]
2 : [596 277]
3 : [301 268]
time: 0.03037623000000167


0 : [628 396]
1 : [221 377]
2 : [596 277]
3 : [301 268]
time: 0.029144104999431875


0 : [628 396]
1 : [223 377]
2 : [598 277]
3 : [303 268]
time: 0.03078751400062174


0 : [0, 0]
1 : [224 377]
2 : [599 277]
3 : [304 268]
time: 0.030334713999764062


0 : [635 396]
1 : [226 377]
2 : [601 277]
3 : [306 268]
time: 0.029514501999983622


0 : [635 396]
1 : [227 377]
2 : [602 277]
3 : [307 268]
time: 0.03047576500011928


0 : [635 396]
1 : [227 377]
2 : [602 277]
3 : [307 268]
time: 0.029287600999850838


0 : [638 396]
1 : [229 377]
2 : [603 277]
3 : [309 268]
time: 0.03037598999981128


0 : [638 396]
1 : [231 377]
2 : [606 277]
3 : [311 268]
time: 0.0298866220000491


0 : [642 396]
1 : [233 377]
2 : [607 277]
3 : [312 268]
time: 0.02986266700008855


0 : [642 396]
1 : [238 377]
2 : [612 277]
3 : [318 268]
time: 0.030537036000168882


0 : [642 396]
1 : [238 377]
2 : [612 277]
3 : [318 268]
time: 0.029897178999817697


0 : [651 396]
1 : [241 377]
2 : [616 277]
3 : [321 268]
time: 0.030143054999825836


0 : [651 396]
1 : [245 377]
2 : [619 277]
3 : [325 268]
time: 0.03035587999966083


0 : [651 396]
1 : [250 377]
2 : [625 277]
3 : [330 268]
time: 0.029570613999567286


0 : [651 396]
1 : [254 377]
2 : [629 277]
3 : [334 268]
time: 0.029700805000175023


0 : [0, 0]
1 : [254 377]
2 : [629 277]
3 : [334 268]
time: 0.029846335000002


0 : [0, 0]
1 : [260 377]
2 : [635 277]
3 : [340 268]
time: 0.030227191999983916


0 : [0, 0]
1 : [267 377]
2 : [642 277]
3 : [347 268]
time: 0.029309921000276518


0 : [0, 0]
1 : [279 377]
2 : [654 277]
3 : [359 268]
time: 0.030504776999805472


0 : [0, 0]
1 : [284 377]
2 : [660 277]
3 : [364 268]
time: 0.030575558000236924


0 : [0, 0]
1 : [284 377]
2 : [660 277]
3 : [364 268]
time: 0.03009431400005269


0 : [0, 0]
1 : [294 377]
2 : [669 277]
3 : [374 268]
time: 0.03043880400036869


0 : [0, 0]
1 : [301 377]
2 : [676 277]
3 : [381 268]
time: 0.030465664000075776


0 : [719 396]
1 : [310 377]
2 : [684 277]
3 : [390 268]
time: 0.03056984700015164


0 : [719 396]
1 : [316 377]
2 : [691 277]
3 : [396 268]
time: 0.028972174000045925


0 : [719 396]
1 : [316 377]
2 : [691 277]
3 : [396 268]
time: 0.03015353499995399


0 : [719 396]
1 : [321 377]
2 : [696 277]
3 : [401 268]
time: 0.030358375999639975


0 : [736 396]
1 : [327 377]
2 : [702 277]
3 : [407 268]
time: 0.030345109999871056


0 : [736 396]
1 : [335 377]
2 : [710 277]
3 : [415 268]
time: 0.03085184100018523


0 : [750 396]
1 : [340 377]
2 : [715 277]
3 : [420 268]
time: 0.03081314800056134


0 : [750 396]
1 : [340 377]
2 : [715 277]
3 : [420 268]
time: 0.030641770999864093


0 : [759 396]
1 : [349 377]
2 : [724 277]
3 : [429 268]
time: 0.030423035000239906


0 : [764 396]
1 : [355 377]
2 : [730 277]
3 : [435 268]
time: 0.030140700999254477


0 : [771 396]
1 : [362 377]
2 : [737 277]
3 : [442 268]
time: 0.030638153999461792


0 : [775 396]
1 : [366 377]
2 : [741 277]
3 : [446 268]
time: 0.028615831999559305


0 : [775 396]
1 : [366 377]
2 : [741 277]
3 : [446 268]
time: 0.030764598000132537


0 : [781 396]
1 : [372 377]
2 : [747 277]
3 : [452 268]
time: 0.03016842200031533


0 : [785 396]
1 : [376 377]
2 : [750 277]
3 : [455 268]
time: 0.02924126299967611


0 : [791 396]
1 : [382 377]
2 : [757 277]
3 : [462 268]
time: 0.030265492000580707


0 : [791 396]
1 : [385 377]
2 : [760 277]
3 : [465 268]
time: 0.029250780999973358


0 : [791 396]
1 : [385 377]
2 : [760 277]
3 : [465 268]
time: 0.031158779000179493


0 : [791 396]
1 : [390 377]
2 : [764 277]
3 : [470 268]
time: 0.029618022000249766


0 : [0, 0]
1 : [391 377]
2 : [766 277]
3 : [471 268]
time: 0.030307517999972333


0 : [0, 0]
1 : [391 377]
2 : [766 277]
3 : [471 268]
time: 0.030309791999570734


0 : [0, 0]
1 : [390 377]
2 : [765 277]
3 : [470 268]
time: 0.0300578950000272


0 : [0, 0]
1 : [390 377]
2 : [765 277]
3 : [470 268]
time: 0.03147255900057644


0 : [0, 0]
1 : [388 377]
2 : [763 277]
3 : [468 268]
time: 0.030836289000035322


0 : [795 396]
1 : [386 377]
2 : [761 277]
3 : [466 268]
time: 0.029480473999683454


0 : [795 396]
1 : [384 377]
2 : [759 277]
3 : [464 268]
time: 0.030669058000057703


0 : [789 396]
1 : [380 377]
2 : [755 277]
3 : [460 268]
time: 0.030598978999478277


0 : [789 396]
1 : [380 377]
2 : [755 277]
3 : [460 268]
time: 0.030934670999158698


0 : [781 396]
1 : [372 377]
2 : [746 277]
3 : [452 268]
time: 0.0301359400000365


0 : [781 396]
1 : [365 377]
2 : [740 277]
3 : [445 268]
time: 0.029698568999265262


0 : [765 396]
1 : [356 377]
2 : [731 277]
3 : [436 268]
time: 0.029814262999934726


0 : [759 396]
1 : [351 377]
2 : [725 277]
3 : [431 268]
time: 0.030379562000234728


0 : [759 396]
1 : [351 377]
2 : [725 277]
3 : [431 268]
time: 0.030507688999932725


0 : [749 396]
1 : [340 377]
2 : [715 277]
3 : [420 268]
time: 0.028865162000329292


0 : [738 396]
1 : [329 377]
2 : [704 277]
3 : [409 268]
time: 0.0318509009994159


0 : [733 396]
1 : [324 377]
2 : [699 277]
3 : [404 268]
time: 0.030456104000222695


0 : [733 396]
1 : [324 377]
2 : [699 277]
3 : [404 268]
time: 0.029846222999367455


0 : [727 396]
1 : [318 377]
2 : [693 277]
3 : [398 268]
time: 0.029936058999737725


0 : [722 396]
1 : [313 377]
2 : [688 277]
3 : [393 268]
time: 0.029426684000100067


0 : [716 396]
1 : [307 377]
2 : [681 277]
3 : [387 268]
time: 0.030033961000299314


0 : [712 396]
1 : [302 377]
2 : [677 277]
3 : [382 268]
time: 0.031137618000684597


0 : [704 396]
1 : [294 377]
2 : [669 277]
3 : [374 268]
time: 0.029821757000718208


0 : [704 396]
1 : [294 377]
2 : [669 277]
3 : [374 268]
time: 0.030349887000738818


0 : [698 396]
1 : [289 377]
2 : [663 277]
3 : [369 268]
time: 0.03061649099981878


0 : [688 396]
1 : [279 377]
2 : [654 277]
3 : [359 268]
time: 0.029272188000504684


0 : [680 396]
1 : [271 377]
2 : [646 277]
3 : [351 268]
time: 0.03089900499981013


0 : [674 396]
1 : [264 377]
2 : [639 277]
3 : [344 268]
time: 0.031117421000089962


0 : [674 396]
1 : [264 377]
2 : [639 277]
3 : [344 268]
time: 0.029854738000722136


0 : [664 396]
1 : [255 377]
2 : [630 277]
3 : [335 268]
time: 0.030162828999891644


0 : [659 396]
1 : [249 377]
2 : [624 277]
3 : [329 268]
time: 0.03131890399981785


0 : [651 396]
1 : [242 377]
2 : [616 277]
3 : [321 268]
time: 0.029517833999307186


0 : [646 396]
1 : [237 377]
2 : [612 277]
3 : [317 268]
time: 0.03198341699953744


0 : [646 396]
1 : [237 377]
2 : [612 277]
3 : [317 268]
time: 0.030481007000162208


0 : [639 396]
1 : [230 377]
2 : [605 277]
3 : [310 268]
time: 0.03036541199981002


0 : [635 396]
1 : [226 377]
2 : [601 277]
3 : [306 268]
time: 0.030593034999583324


0 : [629 396]
1 : [220 377]
2 : [594 277]
3 : [300 268]
time: 0.030799027000284696


0 : [625 396]
1 : [216 377]
2 : [591 277]
3 : [296 268]
time: 0.03039662999981374


0 : [625 396]
1 : [216 377]
2 : [591 277]
3 : [296 268]
time: 0.030670499000734708


0 : [618 396]
1 : [210 377]
2 : [584 277]
3 : [289 268]
time: 0.02959110600022541


0 : [617 396]
1 : [208 377]
2 : [583 277]
3 : [288 268]
time: 0.030017176999535877


0 : [617 396]
1 : [212 377]
2 : [587 277]
3 : [292 268]
time: 0.029441769999721146


0 : [617 396]
1 : [214 377]
2 : [588 277]
3 : [294 268]
time: 0.03106475999993563


0 : [617 396]
1 : [214 377]
2 : [588 277]
3 : [294 268]
time: 0.02990835499986133


0 : [0, 0]
1 : [216 377]
2 : [590 277]
3 : [295 268]
time: 0.02954491099990264


0 : [0, 0]
1 : [217 377]
2 : [592 277]
3 : [297 268]
time: 0.030250168999373273


0 : [0, 0]
1 : [218 377]
2 : [592 277]
3 : [298 268]
time: 0.030484112999147328


0 : [0, 0]
1 : [218 377]
2 : [593 277]
3 : [298 268]
time: 0.03021116699983395


0 : [0, 0]
1 : [218 377]
2 : [593 277]
3 : [298 268]
time: 0.03168598299998848


0 : [0, 0]
1 : [218 377]
2 : [593 277]
3 : [298 268]
time: 0.031009317000098235


0 : [628 396]
1 : [219 377]
2 : [593 277]
3 : [299 268]
time: 0.030954285000007076


0 : [628 396]
1 : [219 377]
2 : [593 277]
3 : [299 268]
time: 0.030477961999167746


0 : [628 396]
1 : [219 377]
2 : [593 277]
3 : [299 268]
time: 0.030481258000691014


0 : [628 396]
1 : [219 377]
2 : [593 277]
3 : [299 268]
time: 0.02984749200004444


0 : [628 396]
1 : [219 377]
2 : [593 277]
3 : [299 268]
time: 0.02998246300012397


0 : [628 396]
1 : [219 377]
2 : [593 277]
3 : [299 268]
time: 0.029939072000161104


0 : [628 396]
1 : [219 377]
2 : [593 277]
3 : [299 268]
time: 0.02991807299986249


0 : [628 396]
1 : [219 377]
2 : [593 277]
3 : [299 268]
time: 0.029742067000370298


0 : [628 396]
1 : [219 377]
2 : [593 277]
3 : [299 268]
time: 0.03159112599951186


0 : [628 396]
1 : [219 377]
2 : [593 277]
3 : [299 268]
time: 0.029369355000198993


0 : [628 396]
1 : [219 377]
2 : [593 277]
3 : [299 268]
time: 0.030184396999175078


0 : [628 396]
1 : [219 377]
2 : [593 277]
3 : [299 268]
time: 0.02953908000017691


0 : [628 396]
1 : [219 377]
2 : [593 277]
3 : [299 268]
time: 0.030566735999855155


0 : [628 396]
1 : [219 377]
2 : [593 277]
3 : [299 268]
time: 0.029790595999656944


0 : [628 396]
1 : [219 377]
2 : [593 277]
3 : [299 268]
time: 0.029822986999533896


0 : [628 396]
1 : [219 377]
2 : [593 277]
3 : [299 268]
time: 0.029882016000556177


0 : [628 396]
1 : [219 377]
2 : [593 277]
3 : [299 268]
time: 0.02942355300001509


0 : [628 396]
1 : [219 377]
2 : [593 277]
3 : [299 268]
time: 0.031147660999522486


0 : [628 396]
1 : [219 377]
2 : [593 277]
3 : [299 268]
time: 0.03010263299984217


0 : [628 396]
1 : [219 377]
2 : [593 277]
3 : [299 268]
time: 0.030627826999989338


0 : [628 396]
1 : [219 377]
2 : [593 277]
3 : [299 268]
time: 0.02941095000005589


0 : [628 396]
1 : [218 377]
2 : [593 277]
3 : [299 268]
time: 0.02931702600017161


0 : [628 396]
1 : [218 377]
2 : [593 277]
3 : [299 268]
time: 0.03107698999974673


0 : [628 396]
1 : [218 377]
2 : [593 277]
3 : [299 268]
time: 0.029679528000087885


0 : [628 396]
1 : [218 377]
2 : [593 277]
3 : [299 268]
time: 0.03041654499975266


0 : [628 396]
1 : [218 377]
2 : [593 277]
3 : [299 268]
time: 0.030388492999918526


0 : [628 396]
1 : [218 377]
2 : [593 277]
3 : [299 268]
time: 0.029103148999638506


0 : [628 396]
1 : [218 377]
2 : [593 277]
3 : [299 268]
time: 0.03041030399981537


0 : [628 396]
1 : [218 377]
2 : [593 277]
3 : [299 268]
time: 0.030298556000161625


0 : [628 396]
1 : [218 377]
2 : [593 277]
3 : [299 268]
time: 0.029791816000397375


0 : [628 396]
1 : [218 377]
2 : [593 277]
3 : [299 268]
time: 0.03023100100017473


0 : [628 396]
1 : [218 377]
2 : [593 277]
3 : [299 268]
time: 0.02984015600031853


0 : [628 396]
1 : [218 377]
2 : [593 277]
3 : [299 268]
time: 0.029377448000559525


0 : [628 396]
1 : [218 377]
2 : [593 277]
3 : [299 268]
time: 0.030544852999810246


0 : [628 396]
1 : [218 377]
2 : [593 277]
3 : [299 268]
time: 0.029639092999786953


0 : [628 396]
1 : [218 377]
2 : [593 277]
3 : [299 268]
time: 0.029895079000198166


0 : [628 396]
1 : [218 377]
2 : [593 277]
3 : [299 268]
time: 0.03028798600007576


0 : [628 396]
1 : [218 377]
2 : [592 277]
3 : [299 268]
time: 0.029956901999867114


0 : [628 396]
1 : [218 377]
2 : [592 277]
3 : [299 268]
time: 0.029965337999783515


0 : [628 396]
1 : [218 377]
2 : [592 277]
3 : [299 268]
time: 0.030829061000076763


0 : [0, 0]
1 : [218 377]
2 : [592 277]
3 : [299 268]
time: 0.03003266299947427


0 : [0, 0]
1 : [218 377]
2 : [592 277]
3 : [299 268]
time: 0.029850115000044752


0 : [0, 0]
1 : [218 377]
2 : [592 277]
3 : [299 268]
time: 0.02949936400000297


0 : [0, 0]
1 : [218 377]
2 : [592 277]
3 : [299 268]
time: 0.029703852999773517


0 : [0, 0]
1 : [218 377]
2 : [592 277]
3 : [299 268]
time: 0.030570631000045978


0 : [0, 0]
1 : [218 377]
2 : [592 277]
3 : [299 268]
time: 0.0298575280003206


0 : [0, 0]
1 : [218 377]
2 : [592 277]
3 : [299 268]
time: 0.030547979000402847


0 : [0, 0]
1 : [218 377]
2 : [592 277]
3 : [299 268]
time: 0.02953685400007089


0 : [0, 0]
1 : [218 377]
2 : [592 277]
3 : [299 268]
time: 0.029645234000781784


0 : [0, 0]
1 : [218 377]
2 : [592 277]
3 : [299 268]
time: 0.030052969000280427


0 : [0, 0]
1 : [218 377]
2 : [592 277]
3 : [299 268]
time: 0.02961173099993175


0 : [0, 0]
1 : [218 377]
2 : [592 277]
3 : [299 268]
time: 0.03041281599962531


0 : [0, 0]
1 : [218 377]
2 : [592 277]
3 : [299 268]
time: 0.030306809000649082


0 : [0, 0]
1 : [218 377]
2 : [592 277]
3 : [299 268]
time: 0.029452325000420387


0 : [0, 0]
1 : [218 377]
2 : [592 277]
3 : [299 268]
time: 0.03092530699996132


0 : [0, 0]
1 : [218 377]
2 : [592 277]
3 : [299 268]
time: 0.02896660299938958


0 : [0, 0]
1 : [218 377]
2 : [592 277]
3 : [299 268]
time: 0.03108990199962136


0 : [0, 0]
1 : [218 377]
2 : [592 277]
3 : [299 268]
time: 0.02897825499985629


0 : [0, 0]
1 : [218 377]
2 : [592 277]
3 : [299 268]
time: 0.030447560000538942


0 : [0, 0]
1 : [218 377]
2 : [592 277]
3 : [299 268]
time: 0.030014817999472143


0 : [0, 0]
1 : [218 377]
2 : [592 277]
3 : [299 268]
time: 0.030593350999879476


0 : [0, 0]
1 : [218 377]
2 : [592 277]
3 : [299 268]
time: 0.029970175000016752


0 : [0, 0]
1 : [218 377]
2 : [592 277]
3 : [299 268]
time: 0.02924869700018462


0 : [0, 0]
1 : [218 377]
2 : [592 277]
3 : [299 268]
time: 0.030339720000483794


0 : [0, 0]
1 : [218 377]
2 : [592 277]
3 : [299 268]
time: 0.030777702000705176


0 : [0, 0]
1 : [218 377]
2 : [592 277]
3 : [299 268]
time: 0.029683634000321035


0 : [0, 0]
1 : [218 377]
2 : [592 277]
3 : [299 268]
time: 0.029764884000542224


0 : [0, 0]
1 : [218 377]
2 : [592 277]
3 : [299 268]
time: 0.0294690749997244


0 : [0, 0]
1 : [218 377]
2 : [592 277]
3 : [299 268]
time: 0.030684430000292195


0 : [0, 0]
1 : [218 377]
2 : [592 277]
3 : [299 268]
time: 0.03004337000038504


0 : [0, 0]
1 : [218 377]
2 : [592 277]
3 : [299 268]
time: 0.02964026300014666


0 : [0, 0]
1 : [218 377]
2 : [592 277]
3 : [299 268]
time: 0.02957015300034982


0 : [0, 0]
1 : [218 377]
2 : [592 277]
3 : [299 268]
time: 0.030096458999651077


0 : [0, 0]
1 : [218 377]
2 : [592 277]
3 : [299 268]
time: 0.030317007999656198


0 : [0, 0]
1 : [218 377]
2 : [592 277]
3 : [299 268]
time: 0.030285300000286952


0 : [0, 0]
1 : [218 377]
2 : [592 277]
3 : [299 268]
time: 0.029559193000750383


0 : [0, 0]
1 : [218 377]
2 : [593 277]
3 : [298 268]
time: 0.029240631999527977


0 : [629 402]
1 : [232 385]
2 : [595 286]
3 : [309 279]
time: 0.03057473600074445


0 : [631 403]
1 : [241 388]
2 : [595 286]
3 : [315 283]
time: 0.03091296299953683


0 : [631 403]
1 : [241 388]
2 : [595 286]
3 : [315 283]
time: 0.02935812000032456


0 : [632 405]
1 : [243 389]
2 : [598 291]
3 : [317 285]
time: 0.029967559999931837


0 : [632 406]
1 : [244 389]
2 : [599 293]
3 : [319 286]
time: 0.030854084000566218


0 : [632 406]
1 : [245 389]
2 : [599 293]
3 : [320 286]
time: 0.02988104700034455


0 : [632 406]
1 : [247 391]
2 : [601 296]
3 : [321 288]
time: 0.02998836700044194


0 : [632 406]
1 : [247 391]
2 : [601 296]
3 : [321 288]
time: 0.03016749800008256


0 : [0, 0]
1 : [247 391]
2 : [601 296]
3 : [322 288]
time: 0.029853796000679722


0 : [0, 0]
1 : [245 392]
2 : [601 296]
3 : [321 287]
time: 0.029336207000596914


0 : [0, 0]
1 : [244 392]
2 : [606 293]
3 : [321 286]
time: 0.030331912999827182


0 : [0, 0]
1 : [242 391]
2 : [606 293]
3 : [319 283]
time: 0.029672310000023572


0 : [0, 0]
1 : [242 391]
2 : [606 293]
3 : [319 283]
time: 0.030016287999387714


0 : [0, 0]
1 : [239 391]
2 : [609 287]
3 : [316 282]
time: 0.0304418670002633


0 : [0, 0]
1 : [237 390]
2 : [609 287]
3 : [315 281]
time: 0.03018582200002129


0 : [0, 0]
1 : [235 389]
2 : [608 285]
3 : [313 279]
time: 0.02951147200019477


0 : [0, 0]
1 : [234 388]
2 : [608 283]
3 : [312 279]
time: 0.0300361649997285


0 : [0, 0]
1 : [234 388]
2 : [608 283]
3 : [312 279]
time: 0.030412772999625304


0 : [0, 0]
1 : [234 388]
2 : [608 284]
3 : [312 278]
time: 0.030262974999459402


0 : [0, 0]
1 : [234 388]
2 : [608 284]
3 : [313 278]
time: 0.02985798400004569


0 : [0, 0]
1 : [234 388]
2 : [608 284]
3 : [313 278]
time: 0.029991681999490538


0 : [0, 0]
1 : [235 389]
2 : [608 284]
3 : [314 279]
time: 0.02966922399991745


0 : [0, 0]
1 : [235 389]
2 : [608 284]
3 : [314 279]
time: 0.03013244300018414


0 : [0, 0]
1 : [237 390]
2 : [609 283]
3 : [315 279]
time: 0.03657340900008421


0 : [0, 0]
1 : [238 390]
2 : [609 283]
3 : [315 280]
time: 0.024094524999782152


0 : [0, 0]
1 : [241 391]
2 : [611 282]
3 : [318 281]
time: 0.029687327999454283


0 : [0, 0]
1 : [243 392]
2 : [612 281]
3 : [319 281]
time: 0.029635892000442254


0 : [0, 0]
1 : [243 392]
2 : [612 281]
3 : [319 281]
time: 0.02970850700057781


0 : [0, 0]
1 : [244 392]
2 : [612 280]
3 : [320 281]
time: 0.02957699299986416


0 : [0, 0]
1 : [245 392]
2 : [613 278]
3 : [320 281]
time: 0.03161257899955672


0 : [0, 0]
1 : [247 392]
2 : [615 276]
3 : [321 281]
time: 0.02952151000044978


0 : [0, 0]
1 : [253 392]
2 : [616 275]
3 : [326 281]
time: 0.029628307999701065


0 : [0, 0]
1 : [253 392]
2 : [616 275]
3 : [326 281]
time: 0.03166136900017591


0 : [0, 0]
1 : [259 392]
2 : [619 273]
3 : [331 281]
time: 0.03027006899992557


0 : [0, 0]
1 : [262 392]
2 : [621 271]
3 : [334 281]
time: 0.031240788999639335


0 : [0, 0]
1 : [267 390]
2 : [623 268]
3 : [337 279]
time: 0.03129524999985733


0 : [667 379]
1 : [269 388]
2 : [625 266]
3 : [340 278]
time: 0.031025991000205977


0 : [667 379]
1 : [269 388]
2 : [625 266]
3 : [340 278]
time: 0.030818284999440948


0 : [669 377]
1 : [273 387]
2 : [625 266]
3 : [342 276]
time: 0.029576910999821848


0 : [669 377]
1 : [276 384]
2 : [625 266]
3 : [345 274]
time: 0.0296414200001891


0 : [674 372]
1 : [280 383]
2 : [625 266]
3 : [348 273]
time: 0.029302992999873823


0 : [675 371]
1 : [281 382]
2 : [0, 0]
3 : [349 272]
time: 0.030477340999823355


0 : [675 371]
1 : [281 382]
2 : [0, 0]
3 : [349 272]
time: 0.030334815999594866


0 : [675 371]
1 : [284 380]
2 : [0, 0]
3 : [352 270]
time: 0.02975469000011799


0 : [675 371]
1 : [286 378]
2 : [0, 0]
3 : [354 268]
time: 0.030417640000450774


0 : [681 363]
1 : [289 375]
2 : [639 252]
3 : [357 265]
time: 0.40521520399943256


0 : [683 361]
1 : [290 374]
2 : [641 250]
3 : [358 264]
time: 0.17216295700018236


0 : [683 361]
1 : [290 374]
2 : [641 250]
3 : [358 264]
time: 0.15338565399997606


0 : [683 361]
1 : [291 372]
2 : [643 247]
3 : [359 261]
time: 0.1403284549996897


0 : [683 361]
1 : [291 370]
2 : [644 246]
3 : [359 259]
time: 0.14454692100025568


0 : [688 356]
1 : [291 369]
2 : [644 246]
3 : [359 257]
time: 0.12481254500016803


0 : [688 356]
1 : [291 367]
2 : [644 246]
3 : [359 256]
time: 0.1611140940003679


0 : [688 356]
1 : [291 367]
2 : [644 246]
3 : [359 256]
time: 0.14986030500040215


0 : [688 356]
1 : [289 366]
2 : [647 240]
3 : [358 254]
time: 0.12090215399985027


0 : [0, 0]
1 : [290 365]
2 : [647 240]
3 : [359 253]
time: 0.16378807200089796


0 : [0, 0]
1 : [292 364]
2 : [650 237]
3 : [362 252]
time: 0.13053622400002496


0 : [0, 0]
1 : [293 363]
2 : [652 237]
3 : [363 251]
time: 0.34613099499983946


0 : [0, 0]
1 : [293 363]
2 : [652 237]
3 : [363 251]
time: 0.16381977800028835


0 : [0, 0]
1 : [294 362]
2 : [653 235]
3 : [364 249]
time: 0.15618291700047848


0 : [0, 0]
1 : [296 360]
2 : [655 233]
3 : [365 247]
time: 0.16944315599994297


0 : [0, 0]
1 : [298 357]
2 : [659 230]
3 : [368 244]
time: 0.1451792279995061


0 : [0, 0]
1 : [300 356]
2 : [662 229]
3 : [371 243]
time: 0.16501582300043083


0 : [0, 0]
1 : [300 356]
2 : [662 229]
3 : [371 243]
time: 0.16515138400063734


0 : [0, 0]
1 : [303 355]
2 : [666 226]
3 : [374 241]
time: 0.17570795899973746


0 : [0, 0]
1 : [305 354]
2 : [668 224]
3 : [375 240]
time: 0.17571256700011872


0 : [0, 0]
1 : [307 352]
2 : [670 223]
3 : [378 238]
time: 0.29463715400015644


0 : [0, 0]
1 : [310 348]
2 : [673 220]
3 : [380 235]
time: 0.17051605899996503


0 : [0, 0]
1 : [313 346]
2 : [674 219]
3 : [383 232]
time: 0.15402266599994618


0 : [0, 0]
1 : [313 346]
2 : [674 219]
3 : [383 232]
time: 0.17495965699981753


0 : [0, 0]
1 : [316 342]
2 : [678 216]
3 : [386 229]
time: 0.15060619199994107


0 : [0, 0]
1 : [320 339]
2 : [680 215]
3 : [391 226]
time: 0.1599032399999487


0 : [0, 0]
1 : [323 335]
2 : [683 213]
3 : [394 224]
time: 0.1708559590006189


0 : [0, 0]
1 : [323 335]
2 : [683 213]
3 : [394 224]
time: 0.15998471900002187


0 : [0, 0]
1 : [328 331]
2 : [687 210]
3 : [399 220]
time: 0.18990698800007522


0 : [0, 0]
1 : [330 329]
2 : [690 208]
3 : [401 218]
time: 0.2703634620002049


0 : [0, 0]
1 : [334 327]
2 : [694 206]
3 : [404 216]
time: 0.16580642200005968


0 : [0, 0]
1 : [335 327]
2 : [696 205]
3 : [407 215]
time: 0.14881518899983348


0 : [0, 0]
1 : [335 327]
2 : [696 205]
3 : [407 215]
time: 0.1608002540006055


0 : [0, 0]
1 : [335 325]
2 : [698 204]
3 : [407 213]
time: 0.1604944010005056


0 : [0, 0]
1 : [336 324]
2 : [700 202]
3 : [408 212]
time: 0.3348256560002483


0 : [0, 0]
1 : [337 323]
2 : [703 202]
3 : [410 211]
time: 0.17183757100065122


0 : [0, 0]
1 : [337 322]
2 : [704 200]
3 : [410 209]
time: 0.1681675970003198


0 : [0, 0]
1 : [337 322]
2 : [704 200]
3 : [410 209]
time: 0.22048719699978392


0 : [0, 0]
1 : [337 321]
2 : [706 198]
3 : [410 208]
time: 0.18588206599997648


0 : [0, 0]
1 : [337 321]
2 : [707 198]
3 : [411 207]
time: 0.1952855899999122


0 : [0, 0]
1 : [337 321]
2 : [709 196]
3 : [411 205]
time: 0.19511682699976518


0 : [0, 0]
1 : [337 319]
2 : [710 196]
3 : [411 204]
time: 0.17922637599986047


0 : [0, 0]
1 : [337 319]
2 : [710 196]
3 : [411 204]
time: 0.2200817510001798


0 : [0, 0]
1 : [337 318]
2 : [711 195]
3 : [411 203]
time: 0.2861326940001163


0 : [0, 0]
1 : [336 318]
2 : [711 195]
3 : [411 203]
time: 0.19983700300053897


0 : [0, 0]
1 : [335 317]
2 : [710 195]
3 : [410 202]
time: 0.1759205540001858


0 : [0, 0]
1 : [335 317]
2 : [710 195]
3 : [410 202]
time: 0.1589557639999839


0 : [0, 0]
1 : [335 317]
2 : [710 195]
3 : [410 202]
time: 0.17490947099940968


0 : [0, 0]
1 : [334 317]
2 : [708 195]
3 : [409 202]
time: 0.140133558999878


0 : [0, 0]
1 : [334 317]
2 : [708 194]
3 : [408 202]
time: 0.1859158400002343


0 : [0, 0]
1 : [334 317]
2 : [705 194]
3 : [406 202]
time: 0.13997601700066298


0 : [0, 0]
1 : [334 317]
2 : [703 194]
3 : [404 202]
time: 0.15128232699953514


0 : [0, 0]
1 : [334 317]
2 : [703 194]
3 : [404 202]
time: 0.499336410000069


0 : [0, 0]
1 : [327 316]
2 : [700 194]
3 : [401 202]
time: 0.03077577900057804


0 : [0, 0]
1 : [325 316]
2 : [697 195]
3 : [400 202]
time: 0.029302658999768028


0 : [0, 0]
1 : [322 316]
2 : [695 196]
3 : [397 202]
time: 0.030061876999752712


0 : [0, 0]
1 : [321 316]
2 : [693 196]
3 : [395 202]
time: 0.23492902299949492


0 : [0, 0]
1 : [321 316]
2 : [693 196]
3 : [395 202]
time: 0.1515669419995902


0 : [0, 0]
1 : [320 316]
2 : [691 197]
3 : [394 203]
time: 0.13920860400048696


0 : [0, 0]
1 : [318 316]
2 : [689 197]
3 : [393 203]
time: 0.16139170399947034


0 : [0, 0]
1 : [315 316]
2 : [686 198]
3 : [390 203]
time: 0.15345906899983675


0 : [0, 0]
1 : [314 315]
2 : [683 197]
3 : [389 203]
time: 0.1355645989997356


0 : [0, 0]
1 : [314 315]
2 : [683 197]
3 : [389 203]
time: 0.1299009809999916


0 : [0, 0]
1 : [310 314]
2 : [679 198]
3 : [384 202]
time: 0.11933676900025603


0 : [0, 0]
1 : [307 313]
2 : [676 199]
3 : [382 202]
time: 0.19636972999978752


0 : [0, 0]
1 : [303 312]
2 : [673 199]
3 : [379 201]
time: 0.1650411479995455


0 : [0, 0]
1 : [300 311]
2 : [670 200]
3 : [376 200]
time: 0.1548788849995617


0 : [0, 0]
1 : [300 311]
2 : [670 200]
3 : [376 200]
time: 0.18565560699971684


0 : [704 318]
1 : [295 309]
2 : [666 200]
3 : [373 199]
time: 1.0055367349996231


0 : [704 318]
1 : [292 308]
2 : [664 201]
3 : [370 198]
time: 0.40525117200013483


0 : [704 318]
1 : [286 305]
2 : [660 200]
3 : [365 195]
time: 0.39024609600073745


0 : [704 318]
1 : [282 304]
2 : [658 200]
3 : [362 194]
time: 0.33572715599984804


0 : [0, 0]
1 : [282 304]
2 : [658 200]
3 : [362 194]
time: 0.355881509000028


0 : [0, 0]
1 : [278 304]
2 : [653 201]
3 : [358 194]
time: 0.36480522100009694


0 : [0, 0]
1 : [276 302]
2 : [650 201]
3 : [356 193]
time: 0.3348855710000862


0 : [0, 0]
1 : [273 301]
2 : [648 202]
3 : [353 192]
time: 0.34672830999988946


0 : [0, 0]
1 : [270 300]
2 : [644 202]
3 : [350 192]
time: 0.2590056449998883


0 : [0, 0]
1 : [270 300]
2 : [644 202]
3 : [350 192]
time: 0.24985146400013036


0 : [0, 0]
1 : [266 298]
2 : [641 202]
3 : [346 190]
time: 0.3403031280004143


0 : [0, 0]
1 : [263 297]
2 : [639 202]
3 : [344 189]
time: 0.29045000499991147


0 : [0, 0]
1 : [259 297]
2 : [636 203]
3 : [341 189]
time: 0.25486358999933145


0 : [0, 0]
1 : [255 296]
2 : [633 204]
3 : [337 189]
time: 0.21007366000048933


0 : [0, 0]
1 : [253 296]
2 : [631 204]
3 : [335 188]
time: 0.22555130399996415


0 : [0, 0]
1 : [253 296]
2 : [631 204]
3 : [335 188]
time: 0.596082129000024


0 : [0, 0]
1 : [250 295]
2 : [627 206]
3 : [333 188]
time: 0.18527330699998856


0 : [0, 0]
1 : [249 294]
2 : [624 206]
3 : [331 188]
time: 0.18944557899976644


0 : [0, 0]
1 : [246 293]
2 : [619 207]
3 : [328 188]
time: 0.22118805199988856


0 : [0, 0]
1 : [244 292]
2 : [619 207]
3 : [326 189]
time: 0.28863154700047744


0 : [0, 0]
1 : [244 292]
2 : [619 207]
3 : [326 189]
time: 0.7029857309998988


0 : [0, 0]
1 : [242 292]
2 : [619 207]
3 : [325 189]
time: 0.4045446739992258


0 : [0, 0]
1 : [241 292]
2 : [324 189]
3 : [0, 0]
*************************
predict landmark: 0 2
time: 18.558296906000578


0 : [649 291]
1 : [239 291]
2 : [610 174]
3 : [322 189]
*************************
predict landmark: 0 2
time: 20.607858665000094


0 : [647 288]
1 : [237 290]
2 : [607 171]
3 : [320 189]
*************************
predict landmark: 0 2
time: 1.106157567000082


0 : [647 288]
1 : [237 290]
2 : [607 171]
3 : [320 189]
*************************
predict landmark: 0 2
time: 0.6912947079999867


0 : [644 287]
1 : [234 289]
2 : [604 170]
3 : [317 188]
*************************
predict landmark: 0 2
time: 0.4252000380001846


------------------------
predict: 2: [602 170]
new_landmark: [601 212]
------------------------
0 : [0, 0]
1 : [232 289]
2 : [601 212]
3 : [316 187]
time: 10.139428940000471


