0 : [628 396]
1 : [218 377]
2 : [594 277]
3 : [299 268]
time: 3.657020716000261


0 : [628 396]
1 : [218 377]
2 : [594 277]
3 : [299 268]
time: 0.4985169070005213


0 : [628 396]
1 : [218 377]
2 : [594 277]
3 : [299 268]
time: 0.030921188999855076


0 : [628 396]
1 : [218 377]
2 : [594 277]
3 : [299 268]
time: 0.02985967699896719


0 : [628 396]
1 : [218 377]
2 : [594 277]
3 : [299 268]
time: 0.03054668299955665


0 : [628 396]
1 : [218 377]
2 : [594 277]
3 : [299 268]
time: 0.030656028999146656


0 : [628 396]
1 : [218 377]
2 : [594 277]
3 : [299 268]
time: 0.029821905998687726


0 : [628 396]
1 : [218 377]
2 : [594 277]
3 : [299 268]
time: 0.03127146100086975


0 : [628 396]
1 : [218 377]
2 : [594 277]
3 : [299 268]
time: 0.029137674999219598


0 : [628 396]
1 : [218 377]
2 : [594 277]
3 : [299 268]
time: 0.030747551998501876


0 : [628 396]
1 : [218 377]
2 : [594 277]
3 : [299 268]
time: 0.03143387699856248


0 : [628 396]
1 : [218 377]
2 : [594 277]
3 : [299 268]
time: 0.030119868000838323


0 : [628 396]
1 : [218 377]
2 : [594 277]
3 : [299 268]
time: 0.030167156999596045


0 : [628 396]
1 : [218 377]
2 : [594 277]
3 : [299 268]
time: 0.030535781999788014


0 : [628 396]
1 : [218 377]
2 : [594 277]
3 : [299 268]
time: 0.030563784999685595


0 : [628 396]
1 : [218 377]
2 : [594 277]
3 : [299 268]
time: 0.03099049000047671


0 : [628 396]
1 : [218 377]
2 : [594 277]
3 : [299 268]
time: 0.03065324399904057


0 : [628 396]
1 : [218 377]
2 : [594 277]
3 : [299 268]
time: 0.030321127000206616


0 : [628 396]
1 : [218 377]
2 : [594 277]
3 : [299 268]
time: 0.03069700599917269


0 : [628 396]
1 : [218 377]
2 : [594 277]
3 : [299 268]
time: 0.031048247999933665


0 : [628 396]
1 : [218 377]
2 : [594 277]
3 : [299 268]
time: 0.029145268999855034


0 : [628 396]
1 : [218 377]
2 : [594 277]
3 : [299 268]
time: 0.0309117819997482


0 : [628 396]
1 : [218 377]
2 : [594 277]
3 : [299 268]
time: 0.02988670800004911


0 : [628 396]
1 : [218 377]
2 : [594 277]
3 : [299 268]
time: 0.030147911000312888


0 : [628 396]
1 : [218 377]
2 : [594 277]
3 : [299 268]
time: 0.03008572300132073


0 : [628 396]
1 : [218 377]
2 : [594 277]
3 : [299 268]
time: 0.030773270000281627


0 : [628 396]
1 : [218 377]
2 : [594 277]
3 : [299 268]
time: 0.030558746000679093


0 : [628 396]
1 : [218 377]
2 : [594 277]
3 : [299 268]
time: 0.030590624999604188


0 : [628 396]
1 : [218 377]
2 : [594 277]
3 : [299 268]
time: 0.030312450999190332


0 : [628 396]
1 : [218 377]
2 : [594 277]
3 : [299 268]
time: 0.03037212399976852


0 : [628 396]
1 : [218 377]
2 : [592 277]
3 : [299 268]
time: 0.03084395400037465


0 : [628 396]
1 : [218 377]
2 : [592 277]
3 : [299 268]
time: 0.03003674100000353


0 : [628 396]
1 : [218 377]
2 : [592 277]
3 : [299 268]
time: 0.02922572100032994


0 : [628 396]
1 : [218 377]
2 : [592 277]
3 : [299 268]
time: 0.03159892799885711


0 : [628 396]
1 : [218 377]
2 : [592 277]
3 : [299 268]
time: 0.029928596999525325


0 : [628 396]
1 : [218 377]
2 : [592 277]
3 : [299 268]
time: 0.030016813998372527


0 : [628 396]
1 : [218 377]
2 : [592 277]
3 : [299 268]
time: 0.03133314600017911


0 : [628 396]
1 : [218 377]
2 : [592 277]
3 : [299 268]
time: 0.029885535999710555


0 : [628 396]
1 : [218 377]
2 : [592 277]
3 : [299 268]
time: 0.030623546999777318


0 : [628 396]
1 : [218 377]
2 : [592 277]
3 : [299 268]
time: 0.031995335999454255


0 : [628 396]
1 : [218 377]
2 : [592 277]
3 : [299 268]
time: 0.029835923000064213


0 : [628 396]
1 : [218 377]
2 : [592 277]
3 : [299 268]
time: 0.030986823001512676


0 : [628 396]
1 : [218 377]
2 : [592 277]
3 : [299 268]
time: 0.030207523001081427


0 : [628 397]
1 : [219 377]
2 : [592 277]
3 : [299 268]
time: 0.03074266300063755


0 : [628 397]
1 : [219 377]
2 : [592 277]
3 : [299 268]
time: 0.030210007998903166


0 : [628 396]
1 : [218 377]
2 : [592 277]
3 : [299 268]
time: 0.031105015999855823


0 : [628 396]
1 : [218 377]
2 : [592 277]
3 : [299 268]
time: 0.029213007001089863


0 : [628 396]
1 : [218 377]
2 : [592 277]
3 : [299 268]
time: 0.030884148998666205


0 : [628 396]
1 : [218 377]
2 : [592 277]
3 : [299 268]
time: 0.02939615200011758


0 : [628 396]
1 : [218 377]
2 : [592 277]
3 : [299 268]
time: 0.030208295000193175


0 : [628 396]
1 : [218 377]
2 : [592 277]
3 : [299 268]
time: 0.030731210999874747


0 : [628 396]
1 : [218 377]
2 : [592 277]
3 : [299 268]
time: 0.030439151001701248


0 : [628 396]
1 : [218 377]
2 : [592 277]
3 : [299 268]
time: 0.03011743299975933


0 : [628 396]
1 : [218 377]
2 : [592 277]
3 : [299 268]
time: 0.030090643000221462


0 : [628 396]
1 : [218 377]
2 : [592 277]
3 : [299 268]
time: 0.02982166499896266


0 : [628 396]
1 : [218 377]
2 : [592 277]
3 : [299 268]
time: 0.029874705000111135


0 : [628 396]
1 : [218 377]
2 : [592 277]
3 : [299 268]
time: 0.02962996400128759


0 : [628 396]
1 : [218 377]
2 : [592 277]
3 : [299 268]
time: 0.030325396000989713


0 : [628 396]
1 : [218 377]
2 : [592 277]
3 : [299 268]
time: 0.030847631000142428


0 : [628 396]
1 : [218 377]
2 : [592 277]
3 : [299 268]
time: 0.029868192999856547


0 : [628 396]
1 : [219 377]
2 : [593 277]
3 : [299 268]
time: 0.029743839000730077


0 : [628 396]
1 : [219 377]
2 : [593 277]
3 : [299 268]
time: 0.030695543999172514


0 : [628 396]
1 : [219 377]
2 : [593 277]
3 : [299 268]
time: 0.028529467999760527


0 : [0, 0]
1 : [219 377]
2 : [593 277]
3 : [299 268]
time: 0.03059283999937179


0 : [0, 0]
1 : [219 377]
2 : [593 277]
3 : [299 268]
time: 0.029717710000113584


0 : [0, 0]
1 : [219 377]
2 : [593 277]
3 : [299 268]
time: 0.03017501199974504


0 : [0, 0]
1 : [219 377]
2 : [593 277]
3 : [299 268]
time: 0.030134526001347695


0 : [0, 0]
1 : [219 377]
2 : [593 277]
3 : [299 268]
time: 0.03002520900008676


0 : [0, 0]
1 : [219 377]
2 : [593 277]
3 : [299 268]
time: 0.02971192899894959


0 : [0, 0]
1 : [219 377]
2 : [593 277]
3 : [299 268]
time: 0.029941660999611486


0 : [0, 0]
1 : [219 377]
2 : [593 277]
3 : [299 268]
time: 0.030241456999647198


0 : [0, 0]
1 : [219 377]
2 : [593 277]
3 : [299 268]
time: 0.0302887269990606


0 : [0, 0]
1 : [219 377]
2 : [593 277]
3 : [299 268]
time: 0.030225597000026028


0 : [0, 0]
1 : [219 377]
2 : [593 277]
3 : [299 268]
time: 0.02943677000075695


0 : [0, 0]
1 : [219 377]
2 : [592 277]
3 : [299 268]
time: 0.0299885610002093


0 : [0, 0]
1 : [219 377]
2 : [592 277]
3 : [299 268]
time: 0.031079418000445003


0 : [0, 0]
1 : [219 377]
2 : [592 277]
3 : [299 268]
time: 0.03073112099991704


0 : [0, 0]
1 : [219 377]
2 : [592 277]
3 : [299 268]
time: 0.029282707999300328


0 : [0, 0]
1 : [219 377]
2 : [592 277]
3 : [299 268]
time: 0.030019739000636037


0 : [0, 0]
1 : [219 377]
2 : [592 277]
3 : [299 268]
time: 0.030427669000346214


0 : [0, 0]
1 : [219 377]
2 : [592 277]
3 : [299 268]
time: 0.029708210999160656


0 : [0, 0]
1 : [219 377]
2 : [592 277]
3 : [299 268]
time: 0.030402521000723937


0 : [0, 0]
1 : [219 377]
2 : [592 277]
3 : [299 268]
time: 0.029585479000161286


0 : [0, 0]
1 : [219 377]
2 : [592 277]
3 : [299 268]
time: 0.03049290099988866


0 : [0, 0]
1 : [219 377]
2 : [592 277]
3 : [299 268]
time: 0.0298534749999817


0 : [0, 0]
1 : [219 377]
2 : [592 277]
3 : [299 268]
time: 0.03036219499881554


0 : [0, 0]
1 : [219 377]
2 : [592 277]
3 : [299 268]
time: 0.029413415000817622


0 : [0, 0]
1 : [218 377]
2 : [592 277]
3 : [297 268]
time: 0.030469237000943394


0 : [0, 0]
1 : [216 377]
2 : [590 277]
3 : [296 268]
time: 0.029595519001304638


0 : [0, 0]
1 : [214 377]
2 : [589 277]
3 : [294 268]
time: 0.030053252001380315


0 : [621 396]
1 : [213 377]
2 : [586 277]
3 : [292 268]
time: 0.03102870300062932


0 : [621 396]
1 : [213 377]
2 : [586 277]
3 : [292 268]
time: 0.03004475600027945


0 : [620 396]
1 : [211 377]
2 : [586 277]
3 : [291 268]
time: 0.030180210998878465


0 : [617 396]
1 : [208 377]
2 : [583 277]
3 : [288 268]
time: 0.03025681600047392


0 : [616 396]
1 : [206 377]
2 : [581 277]
3 : [286 268]
time: 0.02922360699994897


0 : [616 396]
1 : [206 377]
2 : [581 277]
3 : [286 268]
time: 0.030990139999630628


0 : [614 396]
1 : [205 377]
2 : [579 277]
3 : [285 268]
time: 0.029704274000323494


0 : [612 396]
1 : [202 377]
2 : [577 277]
3 : [282 268]
time: 0.029803530998833594


0 : [611 396]
1 : [201 377]
2 : [576 277]
3 : [281 268]
time: 0.030078228999627754


0 : [610 396]
1 : [200 377]
2 : [575 277]
3 : [281 268]
time: 0.030757179998545325


0 : [610 396]
1 : [200 377]
2 : [575 277]
3 : [281 268]
time: 0.029712228000789764


0 : [607 396]
1 : [198 377]
2 : [573 277]
3 : [278 268]
time: 0.030099129000518587


0 : [605 396]
1 : [195 377]
2 : [571 277]
3 : [276 268]
time: 0.029923848000180442


0 : [602 396]
1 : [192 377]
2 : [567 277]
3 : [272 268]
time: 0.029935238999314606


0 : [600 396]
1 : [191 377]
2 : [565 277]
3 : [271 268]
time: 0.03016560400101298


0 : [600 396]
1 : [191 377]
2 : [565 277]
3 : [271 268]
time: 0.029003801999351708


0 : [596 396]
1 : [187 377]
2 : [561 277]
3 : [267 268]
time: 0.03169150299981993


0 : [594 397]
1 : [185 377]
2 : [560 277]
3 : [265 268]
time: 0.030793818999882205


0 : [591 397]
1 : [181 377]
2 : [556 277]
3 : [261 268]
time: 0.030265512001278694


0 : [587 397]
1 : [177 377]
2 : [553 277]
3 : [258 268]
time: 0.03086399199855805


0 : [587 397]
1 : [177 377]
2 : [553 277]
3 : [258 268]
time: 0.02998557400132995


0 : [584 397]
1 : [174 377]
2 : [549 277]
3 : [254 268]
time: 0.03059163800025999


0 : [584 397]
1 : [170 377]
2 : [545 277]
3 : [250 268]
time: 0.030236808001063764


0 : [573 397]
1 : [163 377]
2 : [539 277]
3 : [244 268]
time: 0.03101906399933796


0 : [567 397]
1 : [158 377]
2 : [533 277]
3 : [238 268]
time: 0.030076937000558246


0 : [567 397]
1 : [158 377]
2 : [533 277]
3 : [238 268]
time: 0.030271462999735377


0 : [565 396]
1 : [156 377]
2 : [531 277]
3 : [236 268]
time: 0.031191218999083503


0 : [560 396]
1 : [150 377]
2 : [525 277]
3 : [231 268]
time: 0.029998579000675818


0 : [556 396]
1 : [147 377]
2 : [522 277]
3 : [227 268]
time: 0.02960527699906379


0 : [556 396]
1 : [144 377]
2 : [519 277]
3 : [224 268]
time: 0.030573603999073384


0 : [553 396]
1 : [144 377]
2 : [519 277]
3 : [224 268]
time: 0.030010291999133187


0 : [548 396]
1 : [139 377]
2 : [514 277]
3 : [219 268]
time: 0.029839167998943594


0 : [545 396]
1 : [136 377]
2 : [511 277]
3 : [216 268]
time: 0.029657144999873708


0 : [545 396]
1 : [130 377]
2 : [505 277]
3 : [210 268]
time: 0.03108310499919753


0 : [545 396]
1 : [126 377]
2 : [501 277]
3 : [206 268]
time: 0.031943838999723084


0 : [545 396]
1 : [126 377]
2 : [501 277]
3 : [206 268]
time: 0.028579071000422118


0 : [530 396]
1 : [121 377]
2 : [496 277]
3 : [201 268]
time: 0.03100412599997071


0 : [527 396]
1 : [118 377]
2 : [492 277]
3 : [197 268]
time: 0.030756869000470033


0 : [522 396]
1 : [113 377]
2 : [488 277]
3 : [192 268]
time: 0.02957006100041326


0 : [519 396]
1 : [110 377]
2 : [485 277]
3 : [189 268]
time: 0.029712931000176468


0 : [519 396]
1 : [105 377]
2 : [480 277]
3 : [185 268]
time: 0.03051956200033601


0 : [519 396]
1 : [105 377]
2 : [480 277]
3 : [185 268]
time: 0.029612169999381877


0 : [519 396]
1 : [101 377]
2 : [476 277]
3 : [181 268]
time: 0.031852225998591166


0 : [505 396]
1 : [ 96 377]
2 : [471 277]
3 : [176 268]
time: 0.030439469999691937


0 : [505 396]
1 : [ 92 377]
2 : [467 277]
3 : [172 268]
time: 0.029616959000122733


0 : [499 396]
1 : [ 90 377]
2 : [464 277]
3 : [170 268]
time: 0.030616654999903403


0 : [499 396]
1 : [ 90 377]
2 : [464 277]
3 : [170 268]
time: 0.029110052999385516


0 : [498 396]
1 : [ 88 377]
2 : [463 277]
3 : [168 268]
time: 0.03098454900100478


0 : [498 396]
1 : [ 88 377]
2 : [463 277]
3 : [168 268]
time: 0.031189896999421762


0 : [498 396]
1 : [ 88 377]
2 : [463 277]
3 : [168 268]
time: 0.030876594999426743


0 : [498 396]
1 : [ 88 377]
2 : [463 277]
3 : [168 268]
time: 0.029017046999797458


0 : [498 396]
1 : [ 88 377]
2 : [462 277]
3 : [168 268]
time: 0.030927861998861772


0 : [499 396]
1 : [ 89 377]
2 : [463 277]
3 : [169 268]
time: 0.03088521100107755


0 : [499 396]
1 : [ 91 377]
2 : [465 277]
3 : [171 268]
time: 0.030391248999876552


0 : [502 396]
1 : [ 92 377]
2 : [467 277]
3 : [172 268]
time: 0.03057606900074461


0 : [502 396]
1 : [ 92 377]
2 : [467 277]
3 : [172 268]
time: 0.03019081099955656


0 : [504 396]
1 : [ 94 377]
2 : [469 277]
3 : [175 268]
time: 0.03033741800027201


0 : [504 396]
1 : [ 98 377]
2 : [472 277]
3 : [178 268]
time: 0.02980489400033548


0 : [518 397]
1 : [108 377]
2 : [483 277]
3 : [189 268]
time: 0.03032657800031302


0 : [524 396]
1 : [114 377]
2 : [488 277]
3 : [194 268]
time: 0.03024196799924539


0 : [530 396]
1 : [120 377]
2 : [495 277]
3 : [200 268]
time: 0.030808226998487953


0 : [530 396]
1 : [120 377]
2 : [495 277]
3 : [200 268]
time: 0.02893062499970256


0 : [536 396]
1 : [126 377]
2 : [500 277]
3 : [206 268]
time: 0.03105318900088605


0 : [546 396]
1 : [136 377]
2 : [511 277]
3 : [217 268]
time: 0.029893040000388282


0 : [552 396]
1 : [143 377]
2 : [518 277]
3 : [223 268]
time: 0.029861730999982683


0 : [565 396]
1 : [156 377]
2 : [530 277]
3 : [236 268]
time: 0.03044612299891014


0 : [565 396]
1 : [156 377]
2 : [530 277]
3 : [236 268]
time: 0.029766600999209913


0 : [574 396]
1 : [165 377]
2 : [539 277]
3 : [245 268]
time: 0.031000950000816374


0 : [579 396]
1 : [169 377]
2 : [544 277]
3 : [249 268]
time: 0.03074044899949513


0 : [584 396]
1 : [175 377]
2 : [550 277]
3 : [255 268]
time: 0.03032257000086247


0 : [590 396]
1 : [180 377]
2 : [555 277]
3 : [260 268]
time: 0.03021859399996174


0 : [590 396]
1 : [180 377]
2 : [555 277]
3 : [260 268]
time: 0.03032196899948758


0 : [590 396]
1 : [185 377]
2 : [560 277]
3 : [265 268]
time: 0.03146379300051194


0 : [590 396]
1 : [191 377]
2 : [566 277]
3 : [271 268]
time: 0.030866437000440783


0 : [590 396]
1 : [193 377]
2 : [568 277]
3 : [273 268]
time: 0.030248740000388352


0 : [606 396]
1 : [197 377]
2 : [572 277]
3 : [277 268]
time: 0.03023936299905472


0 : [606 396]
1 : [197 377]
2 : [572 277]
3 : [277 268]
time: 0.030190321000191034


0 : [608 396]
1 : [199 377]
2 : [574 277]
3 : [279 268]
time: 0.030973767999967095


0 : [611 396]
1 : [201 377]
2 : [576 277]
3 : [281 268]
time: 0.029832416001227102


0 : [611 396]
1 : [203 377]
2 : [578 277]
3 : [283 268]
time: 0.03028997799992794


0 : [616 396]
1 : [206 377]
2 : [581 277]
3 : [286 268]
time: 0.03013589799957117


0 : [616 396]
1 : [206 377]
2 : [581 277]
3 : [286 268]
time: 0.030859562999467016


0 : [616 396]
1 : [207 377]
2 : [582 277]
3 : [287 268]
time: 0.02980580599978566


0 : [616 396]
1 : [207 377]
2 : [582 277]
3 : [287 268]
time: 0.03152849499929289


0 : [619 396]
1 : [209 377]
2 : [584 277]
3 : [289 268]
time: 0.030484505999993416


0 : [621 396]
1 : [212 377]
2 : [587 277]
3 : [292 268]
time: 0.029046952999124187


0 : [621 396]
1 : [212 377]
2 : [587 277]
3 : [292 268]
time: 0.031831976999455946


0 : [623 396]
1 : [214 377]
2 : [589 277]
3 : [294 268]
time: 0.029420097000183887


0 : [625 396]
1 : [215 377]
2 : [590 277]
3 : [295 268]
time: 0.029338554000787553


0 : [626 396]
1 : [217 377]
2 : [592 277]
3 : [297 268]
time: 0.03137486500054365


0 : [627 396]
1 : [218 377]
2 : [593 277]
3 : [298 268]
time: 0.029940839998744195


0 : [627 396]
1 : [218 377]
2 : [593 277]
3 : [298 268]
time: 0.02940486899933603


0 : [627 396]
1 : [218 377]
2 : [593 277]
3 : [298 268]
time: 0.029948364001029404


0 : [627 396]
1 : [218 377]
2 : [593 277]
3 : [298 268]
time: 0.029502122999474523


0 : [628 396]
1 : [219 377]
2 : [593 277]
3 : [299 268]
time: 0.030779742999584414


0 : [628 396]
1 : [219 377]
2 : [593 277]
3 : [299 268]
time: 0.030319935000079568


0 : [628 396]
1 : [219 377]
2 : [593 277]
3 : [299 268]
time: 0.030466041000181576


0 : [628 396]
1 : [219 377]
2 : [593 277]
3 : [299 268]
time: 0.031015787999422173


0 : [628 396]
1 : [219 377]
2 : [593 277]
3 : [299 268]
time: 0.030476029998681042


0 : [628 396]
1 : [219 377]
2 : [593 277]
3 : [299 268]
time: 0.029739509998762514


0 : [628 396]
1 : [219 377]
2 : [593 277]
3 : [299 268]
time: 0.029951270000310615


0 : [628 396]
1 : [219 377]
2 : [593 277]
3 : [299 268]
time: 0.03137213000081829


0 : [628 396]
1 : [219 377]
2 : [593 277]
3 : [299 268]
time: 0.03060368999831553


0 : [628 396]
1 : [219 377]
2 : [593 277]
3 : [299 268]
time: 0.031219722999594524


0 : [628 396]
1 : [219 377]
2 : [593 277]
3 : [299 268]
time: 0.03113450199998624


0 : [628 396]
1 : [219 377]
2 : [593 277]
3 : [299 268]
time: 0.029922484998678556


0 : [628 396]
1 : [219 377]
2 : [593 277]
3 : [299 268]
time: 0.030303354000352556


0 : [628 396]
1 : [219 377]
2 : [593 277]
3 : [299 268]
time: 0.030193537000741344


0 : [628 396]
1 : [219 377]
2 : [593 277]
3 : [299 268]
time: 0.030228171999624465


0 : [628 396]
1 : [219 377]
2 : [593 277]
3 : [299 268]
time: 0.03039961600006791


0 : [628 396]
1 : [221 377]
2 : [596 277]
3 : [301 268]
time: 0.031053569000505377


0 : [628 396]
1 : [221 377]
2 : [596 277]
3 : [301 268]
time: 0.031268443999579176


0 : [628 396]
1 : [223 377]
2 : [598 277]
3 : [303 268]
time: 0.030442747000051895


0 : [0, 0]
1 : [224 377]
2 : [599 277]
3 : [304 268]
time: 0.03034073500020895


0 : [635 396]
1 : [226 377]
2 : [601 277]
3 : [306 268]
time: 0.030961696000304073


0 : [635 396]
1 : [227 377]
2 : [602 277]
3 : [307 268]
time: 0.030025430000023334


0 : [635 396]
1 : [227 377]
2 : [602 277]
3 : [307 268]
time: 0.029887439999583876


0 : [638 396]
1 : [229 377]
2 : [603 277]
3 : [309 268]
time: 0.03042351099975349


0 : [638 396]
1 : [231 377]
2 : [606 277]
3 : [311 268]
time: 0.028976681000131066


0 : [642 396]
1 : [233 377]
2 : [607 277]
3 : [312 268]
time: 0.031243418001395185


0 : [642 396]
1 : [238 377]
2 : [612 277]
3 : [318 268]
time: 0.030577650999475736


0 : [642 396]
1 : [238 377]
2 : [612 277]
3 : [318 268]
time: 0.03121487400130718


0 : [651 396]
1 : [241 377]
2 : [616 277]
3 : [321 268]
time: 0.029556616000263602


0 : [651 396]
1 : [245 377]
2 : [619 277]
3 : [325 268]
time: 0.030246726999394014


0 : [651 396]
1 : [250 377]
2 : [625 277]
3 : [330 268]
time: 0.02986039800089202


0 : [651 396]
1 : [254 377]
2 : [629 277]
3 : [334 268]
time: 0.03063508000013826


0 : [0, 0]
1 : [254 377]
2 : [629 277]
3 : [334 268]
time: 0.0304697080009646


0 : [0, 0]
1 : [260 377]
2 : [635 277]
3 : [340 268]
time: 0.03148011399935058


0 : [0, 0]
1 : [267 377]
2 : [642 277]
3 : [347 268]
time: 0.030475387999103987


0 : [0, 0]
1 : [279 377]
2 : [654 277]
3 : [359 268]
time: 0.030655708000267623


0 : [0, 0]
1 : [284 377]
2 : [660 277]
3 : [364 268]
time: 0.029552146999776596


0 : [0, 0]
1 : [284 377]
2 : [660 277]
3 : [364 268]
time: 0.030775384000662598


0 : [0, 0]
1 : [294 377]
2 : [669 277]
3 : [374 268]
time: 0.029951550999612664


0 : [0, 0]
1 : [301 377]
2 : [676 277]
3 : [381 268]
time: 0.030594302999816136


0 : [719 396]
1 : [310 377]
2 : [684 277]
3 : [390 268]
time: 0.03104896100012411


0 : [719 396]
1 : [316 377]
2 : [691 277]
3 : [396 268]
time: 0.03081944800032943


0 : [719 396]
1 : [316 377]
2 : [691 277]
3 : [396 268]
time: 0.030033484999876237


0 : [719 396]
1 : [321 377]
2 : [696 277]
3 : [401 268]
time: 0.03012496700102929


0 : [736 396]
1 : [327 377]
2 : [702 277]
3 : [407 268]
time: 0.030575988999771653


0 : [736 396]
1 : [335 377]
2 : [710 277]
3 : [415 268]
time: 0.029860358001315035


0 : [750 396]
1 : [340 377]
2 : [715 277]
3 : [420 268]
time: 0.03007487299873901


0 : [750 396]
1 : [340 377]
2 : [715 277]
3 : [420 268]
time: 0.03056453699900885


0 : [759 396]
1 : [349 377]
2 : [724 277]
3 : [429 268]
time: 0.031010417000288726


0 : [764 396]
1 : [355 377]
2 : [730 277]
3 : [435 268]
time: 0.029827497000951553


0 : [771 396]
1 : [362 377]
2 : [737 277]
3 : [442 268]
time: 0.03076544599935005


0 : [775 396]
1 : [366 377]
2 : [741 277]
3 : [446 268]
time: 0.031083785999726388


0 : [775 396]
1 : [366 377]
2 : [741 277]
3 : [446 268]
time: 0.03024407199882262


0 : [781 396]
1 : [372 377]
2 : [747 277]
3 : [452 268]
time: 0.031797341998753836


0 : [785 396]
1 : [376 377]
2 : [750 277]
3 : [455 268]
time: 0.030661319999126135


0 : [791 396]
1 : [382 377]
2 : [757 277]
3 : [462 268]
time: 0.03046899599939934


0 : [791 396]
1 : [385 377]
2 : [760 277]
3 : [465 268]
time: 0.030079842999839457


0 : [791 396]
1 : [385 377]
2 : [760 277]
3 : [465 268]
time: 0.029796007000186364


0 : [791 396]
1 : [390 377]
2 : [764 277]
3 : [470 268]
time: 0.03181211999981315


0 : [0, 0]
1 : [391 377]
2 : [766 277]
3 : [471 268]
time: 0.030447806000665878


0 : [0, 0]
1 : [391 377]
2 : [766 277]
3 : [471 268]
time: 0.03015287000016542


0 : [0, 0]
1 : [390 377]
2 : [765 277]
3 : [470 268]
time: 0.030785352999373572


0 : [0, 0]
1 : [390 377]
2 : [765 277]
3 : [470 268]
time: 0.030028576000404428


0 : [0, 0]
1 : [388 377]
2 : [763 277]
3 : [468 268]
time: 0.031355629000245244


0 : [795 396]
1 : [386 377]
2 : [761 277]
3 : [466 268]
time: 0.03106150500025251


0 : [795 396]
1 : [384 377]
2 : [759 277]
3 : [464 268]
time: 0.029953354000099353


0 : [789 396]
1 : [380 377]
2 : [755 277]
3 : [460 268]
time: 0.030541322999852127


0 : [789 396]
1 : [380 377]
2 : [755 277]
3 : [460 268]
time: 0.031191518999548862


0 : [781 396]
1 : [372 377]
2 : [746 277]
3 : [452 268]
time: 0.03058962400064047


0 : [781 396]
1 : [365 377]
2 : [740 277]
3 : [445 268]
time: 0.030109258001175476


0 : [765 396]
1 : [356 377]
2 : [731 277]
3 : [436 268]
time: 0.029581061000499176


0 : [759 396]
1 : [351 377]
2 : [725 277]
3 : [431 268]
time: 0.029654388999915682


0 : [759 396]
1 : [351 377]
2 : [725 277]
3 : [431 268]
time: 0.030572833000405808


0 : [749 396]
1 : [340 377]
2 : [715 277]
3 : [420 268]
time: 0.03056474700133549


0 : [738 396]
1 : [329 377]
2 : [704 277]
3 : [409 268]
time: 0.03027509100138559


0 : [733 396]
1 : [324 377]
2 : [699 277]
3 : [404 268]
time: 0.03003392599930521


0 : [733 396]
1 : [324 377]
2 : [699 277]
3 : [404 268]
time: 0.03027017100066587


0 : [727 396]
1 : [318 377]
2 : [693 277]
3 : [398 268]
time: 0.029234797999379225


0 : [722 396]
1 : [313 377]
2 : [688 277]
3 : [393 268]
time: 0.030429411999648437


0 : [716 396]
1 : [307 377]
2 : [681 277]
3 : [387 268]
time: 0.02992952900058299


0 : [712 396]
1 : [302 377]
2 : [677 277]
3 : [382 268]
time: 0.030655528000352206


0 : [704 396]
1 : [294 377]
2 : [669 277]
3 : [374 268]
time: 0.03100841399827914


0 : [704 396]
1 : [294 377]
2 : [669 277]
3 : [374 268]
time: 0.030595485000958433


0 : [698 396]
1 : [289 377]
2 : [663 277]
3 : [369 268]
time: 0.029618552000101772


0 : [688 396]
1 : [279 377]
2 : [654 277]
3 : [359 268]
time: 0.030898566999894683


0 : [680 396]
1 : [271 377]
2 : [646 277]
3 : [351 268]
time: 0.031031878001158475


0 : [674 396]
1 : [264 377]
2 : [639 277]
3 : [344 268]
time: 0.03057307300150569


0 : [674 396]
1 : [264 377]
2 : [639 277]
3 : [344 268]
time: 0.029232154000055743


0 : [664 396]
1 : [255 377]
2 : [630 277]
3 : [335 268]
time: 0.030990990999271162


0 : [659 396]
1 : [249 377]
2 : [624 277]
3 : [329 268]
time: 0.028732790999129065


0 : [651 396]
1 : [242 377]
2 : [616 277]
3 : [321 268]
time: 0.030568293999749585


0 : [646 396]
1 : [237 377]
2 : [612 277]
3 : [317 268]
time: 0.030323883000164642


0 : [646 396]
1 : [237 377]
2 : [612 277]
3 : [317 268]
time: 0.030548615999578033


0 : [639 396]
1 : [230 377]
2 : [605 277]
3 : [310 268]
time: 0.03004727999905299


0 : [635 396]
1 : [226 377]
2 : [601 277]
3 : [306 268]
time: 0.03097471999899426


0 : [629 396]
1 : [220 377]
2 : [594 277]
3 : [300 268]
time: 0.03002200300034019


0 : [625 396]
1 : [216 377]
2 : [591 277]
3 : [296 268]
time: 0.029312545000721002


0 : [625 396]
1 : [216 377]
2 : [591 277]
3 : [296 268]
time: 0.030405516999962856


0 : [618 396]
1 : [210 377]
2 : [584 277]
3 : [289 268]
time: 0.03058007599975099


0 : [617 396]
1 : [208 377]
2 : [583 277]
3 : [288 268]
time: 0.029646564998984104


0 : [617 396]
1 : [212 377]
2 : [587 277]
3 : [292 268]
time: 0.030718707999767503


0 : [617 396]
1 : [214 377]
2 : [588 277]
3 : [294 268]
time: 0.03100641099990753


0 : [617 396]
1 : [214 377]
2 : [588 277]
3 : [294 268]
time: 0.029881017000661814


0 : [0, 0]
1 : [216 377]
2 : [590 277]
3 : [295 268]
time: 0.03090186299959896


0 : [0, 0]
1 : [217 377]
2 : [592 277]
3 : [297 268]
time: 0.031066593999639736


0 : [0, 0]
1 : [218 377]
2 : [592 277]
3 : [298 268]
time: 0.030943320998630952


0 : [0, 0]
1 : [218 377]
2 : [593 277]
3 : [298 268]
time: 0.030890171001374256


0 : [0, 0]
1 : [218 377]
2 : [593 277]
3 : [298 268]
time: 0.029103099999701953


0 : [0, 0]
1 : [218 377]
2 : [593 277]
3 : [298 268]
time: 0.031047017000673804


0 : [628 396]
1 : [219 377]
2 : [593 277]
3 : [299 268]
time: 0.028962333999515977


0 : [628 396]
1 : [219 377]
2 : [593 277]
3 : [299 268]
time: 0.030303535000712145


0 : [628 396]
1 : [219 377]
2 : [593 277]
3 : [299 268]
time: 0.030431105000388925


0 : [628 396]
1 : [219 377]
2 : [593 277]
3 : [299 268]
time: 0.030546392999895033


0 : [628 396]
1 : [219 377]
2 : [593 277]
3 : [299 268]
time: 0.030746028998692054


0 : [628 396]
1 : [219 377]
2 : [593 277]
3 : [299 268]
time: 0.030230126998503692


0 : [628 396]
1 : [219 377]
2 : [593 277]
3 : [299 268]
time: 0.030800241000179085


0 : [628 396]
1 : [219 377]
2 : [593 277]
3 : [299 268]
time: 0.030910430001313216


0 : [628 396]
1 : [219 377]
2 : [593 277]
3 : [299 268]
time: 0.030452445998889743


0 : [628 396]
1 : [219 377]
2 : [593 277]
3 : [299 268]
time: 0.02987504600059765


0 : [628 396]
1 : [219 377]
2 : [593 277]
3 : [299 268]
time: 0.030197444000805262


0 : [628 396]
1 : [219 377]
2 : [593 277]
3 : [299 268]
time: 0.030847550000544288


0 : [628 396]
1 : [219 377]
2 : [593 277]
3 : [299 268]
time: 0.03074009699957969


0 : [628 396]
1 : [219 377]
2 : [593 277]
3 : [299 268]
time: 0.029962901999169844


0 : [628 396]
1 : [219 377]
2 : [593 277]
3 : [299 268]
time: 0.03145210100046825


0 : [628 396]
1 : [219 377]
2 : [593 277]
3 : [299 268]
time: 0.03095566400043026


0 : [628 396]
1 : [219 377]
2 : [593 277]
3 : [299 268]
time: 0.03008442099962849


0 : [628 396]
1 : [219 377]
2 : [593 277]
3 : [299 268]
time: 0.030562092000764096


0 : [628 396]
1 : [219 377]
2 : [593 277]
3 : [299 268]
time: 0.0313514520003082


0 : [628 396]
1 : [219 377]
2 : [593 277]
3 : [299 268]
time: 0.030301810998935252


0 : [628 396]
1 : [219 377]
2 : [593 277]
3 : [299 268]
time: 0.030377614000826725


0 : [628 396]
1 : [218 377]
2 : [593 277]
3 : [299 268]
time: 0.030651230001240037


0 : [628 396]
1 : [218 377]
2 : [593 277]
3 : [299 268]
time: 0.030100382000455284


0 : [628 396]
1 : [218 377]
2 : [593 277]
3 : [299 268]
time: 0.031762295999214984


0 : [628 396]
1 : [218 377]
2 : [593 277]
3 : [299 268]
time: 0.02964383000107773


0 : [628 396]
1 : [218 377]
2 : [593 277]
3 : [299 268]
time: 0.030470409999907133


0 : [628 396]
1 : [218 377]
2 : [593 277]
3 : [299 268]
time: 0.030474426999717252


0 : [628 396]
1 : [218 377]
2 : [593 277]
3 : [299 268]
time: 0.030772860000070068


0 : [628 396]
1 : [218 377]
2 : [593 277]
3 : [299 268]
time: 0.0303340919999755


0 : [628 396]
1 : [218 377]
2 : [593 277]
3 : [299 268]
time: 0.03011212300043553


0 : [628 396]
1 : [218 377]
2 : [593 277]
3 : [299 268]
time: 0.030390437999813003


0 : [628 396]
1 : [218 377]
2 : [593 277]
3 : [299 268]
time: 0.030430795000938815


0 : [628 396]
1 : [218 377]
2 : [593 277]
3 : [299 268]
time: 0.030612447000748944


0 : [628 396]
1 : [218 377]
2 : [593 277]
3 : [299 268]
time: 0.030946226999731152


0 : [628 396]
1 : [218 377]
2 : [593 277]
3 : [299 268]
time: 0.03003614000044763


0 : [628 396]
1 : [218 377]
2 : [593 277]
3 : [299 268]
time: 0.030462333999821567


0 : [628 396]
1 : [218 377]
2 : [593 277]
3 : [299 268]
time: 0.029718751000473276


0 : [628 396]
1 : [218 377]
2 : [592 277]
3 : [299 268]
time: 0.029920050999862724


0 : [628 396]
1 : [218 377]
2 : [592 277]
3 : [299 268]
time: 0.030020140000488027


0 : [628 396]
1 : [218 377]
2 : [592 277]
3 : [299 268]
time: 0.031130634000874124


0 : [0, 0]
1 : [218 377]
2 : [592 277]
3 : [299 268]
time: 0.02990244799912034


0 : [0, 0]
1 : [218 377]
2 : [592 277]
3 : [299 268]
time: 0.030943040999773075


0 : [0, 0]
1 : [218 377]
2 : [592 277]
3 : [299 268]
time: 0.030527457000061986


0 : [0, 0]
1 : [218 377]
2 : [592 277]
3 : [299 268]
time: 0.030457625000053667


0 : [0, 0]
1 : [218 377]
2 : [592 277]
3 : [299 268]
time: 0.030640049000794534


0 : [0, 0]
1 : [218 377]
2 : [592 277]
3 : [299 268]
time: 0.030588161000196123


0 : [0, 0]
1 : [218 377]
2 : [592 277]
3 : [299 268]
time: 0.030039306000617216


0 : [0, 0]
1 : [218 377]
2 : [592 277]
3 : [299 268]
time: 0.029524044000936556


0 : [0, 0]
1 : [218 377]
2 : [592 277]
3 : [299 268]
time: 0.030415876000915887


0 : [0, 0]
1 : [218 377]
2 : [592 277]
3 : [299 268]
time: 0.02989924200119276


0 : [0, 0]
1 : [218 377]
2 : [592 277]
3 : [299 268]
time: 0.030557743999452214


0 : [0, 0]
1 : [218 377]
2 : [592 277]
3 : [299 268]
time: 0.03050702799919236


0 : [0, 0]
1 : [218 377]
2 : [592 277]
3 : [299 268]
time: 0.03011059100026614


0 : [0, 0]
1 : [218 377]
2 : [592 277]
3 : [299 268]
time: 0.03068324100058817


0 : [0, 0]
1 : [218 377]
2 : [592 277]
3 : [299 268]
time: 0.029285964999871794


0 : [0, 0]
1 : [218 377]
2 : [592 277]
3 : [299 268]
time: 0.03164032600034261


0 : [0, 0]
1 : [218 377]
2 : [592 277]
3 : [299 268]
time: 0.02908280100018601


0 : [0, 0]
1 : [218 377]
2 : [592 277]
3 : [299 268]
time: 0.030191842999556684


0 : [0, 0]
1 : [218 377]
2 : [592 277]
3 : [299 268]
time: 0.030317861999719753


0 : [0, 0]
1 : [218 377]
2 : [592 277]
3 : [299 268]
time: 0.031314099998780875


0 : [0, 0]
1 : [218 377]
2 : [592 277]
3 : [299 268]
time: 0.030702506999659818


0 : [0, 0]
1 : [218 377]
2 : [592 277]
3 : [299 268]
time: 0.03045140399990487


0 : [0, 0]
1 : [218 377]
2 : [592 277]
3 : [299 268]
time: 0.030454980000286014


0 : [0, 0]
1 : [218 377]
2 : [592 277]
3 : [299 268]
time: 0.03187627099941892


0 : [0, 0]
1 : [218 377]
2 : [592 277]
3 : [299 268]
time: 0.029627279000123963


0 : [0, 0]
1 : [218 377]
2 : [592 277]
3 : [299 268]
time: 0.03033922199938388


0 : [0, 0]
1 : [218 377]
2 : [592 277]
3 : [299 268]
time: 0.030837992000670056


0 : [0, 0]
1 : [218 377]
2 : [592 277]
3 : [299 268]
time: 0.030320716999995057


0 : [0, 0]
1 : [218 377]
2 : [592 277]
3 : [299 268]
time: 0.030592670000260114


0 : [0, 0]
1 : [218 377]
2 : [592 277]
3 : [299 268]
time: 0.032215740999163245


0 : [0, 0]
1 : [218 377]
2 : [592 277]
3 : [299 268]
time: 0.029738537999946857


0 : [0, 0]
1 : [218 377]
2 : [592 277]
3 : [299 268]
time: 0.0313374350007507


0 : [0, 0]
1 : [218 377]
2 : [592 277]
3 : [299 268]
time: 0.03169612099918595


0 : [0, 0]
1 : [218 377]
2 : [592 277]
3 : [299 268]
time: 0.03008651500022097


0 : [0, 0]
1 : [218 377]
2 : [592 277]
3 : [299 268]
time: 0.030882146000294597


0 : [0, 0]
1 : [218 377]
2 : [592 277]
3 : [299 268]
time: 0.029772052001135307


0 : [0, 0]
1 : [218 377]
2 : [593 277]
3 : [298 268]
time: 0.03070434000073874


0 : [629 402]
1 : [232 385]
2 : [595 286]
3 : [309 279]
time: 0.030693870001414325


0 : [631 403]
1 : [241 388]
2 : [595 286]
3 : [315 283]
time: 0.03137745099957101


0 : [631 403]
1 : [241 388]
2 : [595 286]
3 : [315 283]
time: 0.03001317600137554


0 : [632 405]
1 : [243 389]
2 : [598 291]
3 : [317 285]
time: 0.031033581000883714


0 : [632 406]
1 : [244 389]
2 : [599 293]
3 : [319 286]
time: 0.02981101599834801


0 : [632 406]
1 : [245 389]
2 : [599 293]
3 : [320 286]
time: 0.029922195000835927


0 : [632 406]
1 : [247 391]
2 : [601 296]
3 : [321 288]
time: 0.029829459999746177


0 : [632 406]
1 : [247 391]
2 : [601 296]
3 : [321 288]
time: 0.030506658000376774


0 : [0, 0]
1 : [247 391]
2 : [601 296]
3 : [322 288]
time: 0.02900352200049383


0 : [0, 0]
1 : [245 392]
2 : [601 296]
3 : [321 287]
time: 0.03042353099954198


0 : [0, 0]
1 : [244 392]
2 : [606 293]
3 : [321 286]
time: 0.02947329800008447


0 : [0, 0]
1 : [242 391]
2 : [606 293]
3 : [319 283]
time: 0.03034453200052667


0 : [0, 0]
1 : [242 391]
2 : [606 293]
3 : [319 283]
time: 0.029934006999610574


0 : [0, 0]
1 : [239 391]
2 : [609 287]
3 : [316 282]
time: 0.030305317999591352


0 : [0, 0]
1 : [237 390]
2 : [609 287]
3 : [315 281]
time: 0.03028381700096361


0 : [0, 0]
1 : [235 389]
2 : [608 285]
3 : [313 279]
time: 0.030329713999890373


0 : [0, 0]
1 : [234 388]
2 : [608 283]
3 : [312 279]
time: 0.029937594999864814


0 : [0, 0]
1 : [234 388]
2 : [608 283]
3 : [312 279]
time: 0.031341873000201304


0 : [0, 0]
1 : [234 388]
2 : [608 284]
3 : [312 278]
time: 0.03011299500030873


0 : [0, 0]
1 : [234 388]
2 : [608 284]
3 : [313 278]
time: 0.030917562999093207


0 : [0, 0]
1 : [234 388]
2 : [608 284]
3 : [313 278]
time: 0.031073307000042405


0 : [0, 0]
1 : [235 389]
2 : [608 284]
3 : [314 279]
time: 0.02988438399916049


0 : [0, 0]
1 : [235 389]
2 : [608 284]
3 : [314 279]
time: 0.029754197999864118


0 : [0, 0]
1 : [237 390]
2 : [609 283]
3 : [315 279]
time: 0.030681287000334123


0 : [0, 0]
1 : [238 390]
2 : [609 283]
3 : [315 280]
time: 0.029873192999730236


0 : [0, 0]
1 : [241 391]
2 : [611 282]
3 : [318 281]
time: 0.03064660199925129


0 : [0, 0]
1 : [243 392]
2 : [612 281]
3 : [319 281]
time: 0.03071447900038038


0 : [0, 0]
1 : [243 392]
2 : [612 281]
3 : [319 281]
time: 0.030555719999028952


0 : [0, 0]
1 : [244 392]
2 : [612 280]
3 : [320 281]
time: 0.030657330999019905


0 : [0, 0]
1 : [245 392]
2 : [613 278]
3 : [320 281]
time: 0.03053141400050663


0 : [0, 0]
1 : [247 392]
2 : [615 276]
3 : [321 281]
time: 0.030472834001557203


0 : [0, 0]
1 : [253 392]
2 : [616 275]
3 : [326 281]
time: 0.030483975000606733


0 : [0, 0]
1 : [253 392]
2 : [616 275]
3 : [326 281]
time: 0.029994401998919784


0 : [0, 0]
1 : [259 392]
2 : [619 273]
3 : [331 281]
time: 0.030434722000791226


0 : [0, 0]
1 : [262 392]
2 : [621 271]
3 : [334 281]
time: 0.03030019799916772


0 : [0, 0]
1 : [267 390]
2 : [623 268]
3 : [337 279]
time: 0.03032085700033349


0 : [667 379]
1 : [269 388]
2 : [625 266]
3 : [340 278]
time: 0.029475702000127058


0 : [667 379]
1 : [269 388]
2 : [625 266]
3 : [340 278]
time: 0.030584565000026487


0 : [669 377]
1 : [273 387]
2 : [625 266]
3 : [342 276]
time: 0.030383024999537156


0 : [669 377]
1 : [276 384]
2 : [625 266]
3 : [345 274]
time: 0.03037155200036068


0 : [674 372]
1 : [280 383]
2 : [625 266]
3 : [348 273]
time: 0.03086412199991173


0 : [675 371]
1 : [281 382]
2 : [0, 0]
3 : [349 272]
time: 0.029662535000170465


0 : [675 371]
1 : [281 382]
2 : [0, 0]
3 : [349 272]
time: 0.030442827001024853


0 : [675 371]
1 : [284 380]
2 : [0, 0]
3 : [352 270]
time: 0.031940122000378324


0 : [675 371]
1 : [286 378]
2 : [0, 0]
3 : [354 268]
time: 0.030473845999949845


0 : [681 363]
1 : [289 375]
2 : [639 252]
3 : [357 265]
time: 0.02938019199973496


0 : [683 361]
1 : [290 374]
2 : [641 250]
3 : [358 264]
time: 0.03175802899932023


0 : [683 361]
1 : [290 374]
2 : [641 250]
3 : [358 264]
time: 0.031308850999266724


0 : [683 361]
1 : [291 372]
2 : [643 247]
3 : [359 261]
time: 0.030898095999873476


0 : [683 361]
1 : [291 370]
2 : [644 246]
3 : [359 259]
time: 0.03065084999980172


0 : [688 356]
1 : [291 369]
2 : [644 246]
3 : [359 257]
time: 0.029364784000790678


0 : [688 356]
1 : [291 367]
2 : [644 246]
3 : [359 256]
time: 0.030449168998529785


0 : [688 356]
1 : [291 367]
2 : [644 246]
3 : [359 256]
time: 0.029373810000834055


0 : [688 356]
1 : [289 366]
2 : [647 240]
3 : [358 254]
time: 0.03120796999974118


0 : [0, 0]
1 : [290 365]
2 : [647 240]
3 : [359 253]
time: 0.030872899000314646


0 : [0, 0]
1 : [292 364]
2 : [650 237]
3 : [362 252]
time: 0.030828203998680692


0 : [0, 0]
1 : [293 363]
2 : [652 237]
3 : [363 251]
time: 0.03090716299993801


0 : [0, 0]
1 : [293 363]
2 : [652 237]
3 : [363 251]
time: 0.03043075400091766


0 : [0, 0]
1 : [294 362]
2 : [653 235]
3 : [364 249]
time: 0.030740729000171996


0 : [0, 0]
1 : [296 360]
2 : [655 233]
3 : [365 247]
time: 0.030568694999601576


0 : [0, 0]
1 : [298 357]
2 : [659 230]
3 : [368 244]
time: 0.029635382999913418


0 : [0, 0]
1 : [300 356]
2 : [662 229]
3 : [371 243]
time: 0.03047712199986563


0 : [0, 0]
1 : [300 356]
2 : [662 229]
3 : [371 243]
time: 0.030186484000296332


0 : [0, 0]
1 : [303 355]
2 : [666 226]
3 : [374 241]
time: 0.030313994000607636


0 : [0, 0]
1 : [305 354]
2 : [668 224]
3 : [375 240]
time: 0.030374378000487923


0 : [0, 0]
1 : [307 352]
2 : [670 223]
3 : [378 238]
time: 0.03108179300033953


0 : [0, 0]
1 : [310 348]
2 : [673 220]
3 : [380 235]
time: 0.030756139000004623


0 : [0, 0]
1 : [313 346]
2 : [674 219]
3 : [383 232]
time: 0.029783262998535065


0 : [0, 0]
1 : [313 346]
2 : [674 219]
3 : [383 232]
time: 0.029512802000681404


0 : [0, 0]
1 : [316 342]
2 : [678 216]
3 : [386 229]
time: 0.03112344200053485


0 : [0, 0]
1 : [320 339]
2 : [680 215]
3 : [391 226]
time: 0.031105407000723062


0 : [0, 0]
1 : [323 335]
2 : [683 213]
3 : [394 224]
time: 0.030363346999365604


0 : [0, 0]
1 : [323 335]
2 : [683 213]
3 : [394 224]
time: 0.02912334800021199


0 : [0, 0]
1 : [328 331]
2 : [687 210]
3 : [399 220]
time: 0.0312511820011423


0 : [0, 0]
1 : [330 329]
2 : [690 208]
3 : [401 218]
time: 0.031247425000401563


0 : [0, 0]
1 : [334 327]
2 : [694 206]
3 : [404 216]
time: 0.030432497000219882


0 : [0, 0]
1 : [335 327]
2 : [696 205]
3 : [407 215]
time: 0.03150421999998798


0 : [0, 0]
1 : [335 327]
2 : [696 205]
3 : [407 215]
time: 0.029437199998938013


0 : [0, 0]
1 : [335 325]
2 : [698 204]
3 : [407 213]
time: 0.030624820999946678


0 : [0, 0]
1 : [336 324]
2 : [700 202]
3 : [408 212]
time: 0.029928706999271526


0 : [0, 0]
1 : [337 323]
2 : [703 202]
3 : [410 211]
time: 0.029986486999405315


0 : [0, 0]
1 : [337 322]
2 : [704 200]
3 : [410 209]
time: 0.030475879000732675


0 : [0, 0]
1 : [337 322]
2 : [704 200]
3 : [410 209]
time: 0.02947470999970392


0 : [0, 0]
1 : [337 321]
2 : [706 198]
3 : [410 208]
time: 0.03105279800001881


0 : [0, 0]
1 : [337 321]
2 : [707 198]
3 : [411 207]
time: 0.030323301998578245


0 : [0, 0]
1 : [337 321]
2 : [709 196]
3 : [411 205]
time: 0.029595519001304638


0 : [0, 0]
1 : [337 319]
2 : [710 196]
3 : [411 204]
time: 0.030679012001201045


0 : [0, 0]
1 : [337 319]
2 : [710 196]
3 : [411 204]
time: 0.030643576001239126


0 : [0, 0]
1 : [337 318]
2 : [711 195]
3 : [411 203]
time: 0.028937417999259196


0 : [0, 0]
1 : [336 318]
2 : [711 195]
3 : [411 203]
time: 0.03145163000044704


0 : [0, 0]
1 : [335 317]
2 : [710 195]
3 : [410 202]
time: 0.030072217999986606


0 : [0, 0]
1 : [335 317]
2 : [710 195]
3 : [410 202]
time: 0.030566770999939763


0 : [0, 0]
1 : [335 317]
2 : [710 195]
3 : [410 202]
time: 0.030630911998741794


0 : [0, 0]
1 : [334 317]
2 : [708 195]
3 : [409 202]
time: 0.031805878001250676


0 : [0, 0]
1 : [334 317]
2 : [708 194]
3 : [408 202]
time: 0.030972726999607403


0 : [0, 0]
1 : [334 317]
2 : [705 194]
3 : [406 202]
time: 0.029344114000195987


0 : [0, 0]
1 : [334 317]
2 : [703 194]
3 : [404 202]
time: 0.029432421000819886


0 : [0, 0]
1 : [334 317]
2 : [703 194]
3 : [404 202]
time: 0.030396489999475307


0 : [0, 0]
1 : [327 316]
2 : [700 194]
3 : [401 202]
time: 0.03172019599878695


0 : [0, 0]
1 : [325 316]
2 : [697 195]
3 : [400 202]
time: 0.030274218999693403


0 : [0, 0]
1 : [322 316]
2 : [695 196]
3 : [397 202]
time: 0.029674797999177827


0 : [0, 0]
1 : [321 316]
2 : [693 196]
3 : [395 202]
time: 0.030256685999120236


0 : [0, 0]
1 : [321 316]
2 : [693 196]
3 : [395 202]
time: 0.030281372000899864


0 : [0, 0]
1 : [320 316]
2 : [691 197]
3 : [394 203]
time: 0.030367765999471885


0 : [0, 0]
1 : [318 316]
2 : [689 197]
3 : [393 203]
time: 0.031016418999570305


0 : [0, 0]
1 : [315 316]
2 : [686 198]
3 : [390 203]
time: 0.03054246499959845


0 : [0, 0]
1 : [314 315]
2 : [683 197]
3 : [389 203]
time: 0.0296162180002284


0 : [0, 0]
1 : [314 315]
2 : [683 197]
3 : [389 203]
time: 0.029352219999054796


0 : [0, 0]
1 : [310 314]
2 : [679 198]
3 : [384 202]
time: 0.031015888000183622


0 : [0, 0]
1 : [307 313]
2 : [676 199]
3 : [382 202]
time: 0.029819339999448857


0 : [0, 0]
1 : [303 312]
2 : [673 199]
3 : [379 201]
time: 0.02961488599976292


0 : [0, 0]
1 : [300 311]
2 : [670 200]
3 : [376 200]
time: 0.030684212000778643


0 : [0, 0]
1 : [300 311]
2 : [670 200]
3 : [376 200]
time: 0.029537750000599772


0 : [704 318]
1 : [295 309]
2 : [666 200]
3 : [373 199]
time: 0.03009745500094141


0 : [704 318]
1 : [292 308]
2 : [664 201]
3 : [370 198]
time: 0.030776616998991813


0 : [704 318]
1 : [286 305]
2 : [660 200]
3 : [365 195]
time: 0.029382918000919744


0 : [704 318]
1 : [282 304]
2 : [658 200]
3 : [362 194]
time: 0.030772710000746883


0 : [0, 0]
1 : [282 304]
2 : [658 200]
3 : [362 194]
time: 0.030009799998879316


0 : [0, 0]
1 : [278 304]
2 : [653 201]
3 : [358 194]
time: 0.030169652000040514


0 : [0, 0]
1 : [276 302]
2 : [650 201]
3 : [356 193]
time: 0.030238301000281353


0 : [0, 0]
1 : [273 301]
2 : [648 202]
3 : [353 192]
time: 0.030365321999852313


0 : [0, 0]
1 : [270 300]
2 : [644 202]
3 : [350 192]
time: 0.03036851700016996


0 : [0, 0]
1 : [270 300]
2 : [644 202]
3 : [350 192]
time: 0.030643075000625686


0 : [0, 0]
1 : [266 298]
2 : [641 202]
3 : [346 190]
time: 0.030282164001619094


0 : [0, 0]
1 : [263 297]
2 : [639 202]
3 : [344 189]
time: 0.02978622900081973


0 : [0, 0]
1 : [259 297]
2 : [636 203]
3 : [341 189]
time: 0.031088545998500194


0 : [0, 0]
1 : [255 296]
2 : [633 204]
3 : [337 189]
time: 0.02909795000050508


0 : [0, 0]
1 : [253 296]
2 : [631 204]
3 : [335 188]
time: 0.03051303000029293


0 : [0, 0]
1 : [253 296]
2 : [631 204]
3 : [335 188]
time: 0.030430713999521686


0 : [0, 0]
1 : [250 295]
2 : [627 206]
3 : [333 188]
time: 0.02959634000035294


0 : [0, 0]
1 : [249 294]
2 : [624 206]
3 : [331 188]
time: 0.030168078999849968


0 : [0, 0]
1 : [246 293]
2 : [619 207]
3 : [328 188]
time: 0.029812688000674825


0 : [0, 0]
1 : [244 292]
2 : [619 207]
3 : [326 189]
time: 0.030209156999262632


0 : [0, 0]
1 : [244 292]
2 : [619 207]
3 : [326 189]
time: 0.03069006399891805


0 : [0, 0]
1 : [242 292]
2 : [619 207]
3 : [325 189]
time: 0.031229782000082196


0 : [0, 0]
1 : [241 292]
2 : [324 189]
3 : [0, 0]
*************************
predict landmark: 0 2
time: 0.03026493199831748


0 : [649 291]
1 : [239 291]
2 : [610 174]
3 : [322 189]
*************************
predict landmark: 0 2
time: 0.029943855999590596


0 : [647 288]
1 : [237 290]
2 : [607 171]
3 : [320 189]
*************************
predict landmark: 0 2
time: 0.031339569000920164


0 : [647 288]
1 : [237 290]
2 : [607 171]
3 : [320 189]
*************************
predict landmark: 0 2
time: 0.03014383299887413


0 : [644 287]
1 : [234 289]
2 : [604 170]
3 : [317 188]
*************************
predict landmark: 0 2
time: 0.03172222100147337


------------------------
predict: 2: [602 170]
new_landmark: [601 212]
------------------------
0 : [0, 0]
1 : [232 289]
2 : [601 212]
3 : [316 187]
time: 0.030582470000808826


0 : [624 330]
1 : [229 288]
2 : [597 212]
3 : [313 187]
time: 0.03052159600156301


0 : [624 330]
1 : [226 287]
2 : [597 212]
3 : [310 186]
time: 0.03006824099975347


0 : [624 330]
1 : [226 287]
2 : [597 212]
3 : [310 186]
time: 0.030436205001024064


0 : [624 330]
1 : [222 287]
2 : [593 212]
3 : [307 186]
time: 0.030443667999861646


0 : [0, 0]
1 : [220 286]
2 : [592 211]
3 : [305 185]
time: 0.030149975000313134


0 : [0, 0]
1 : [215 285]
2 : [588 211]
3 : [300 184]
time: 0.030399274999581394


0 : [0, 0]
1 : [212 285]
2 : [588 211]
3 : [298 183]
time: 0.4205458569995244


0 : [0, 0]
1 : [212 285]
2 : [588 211]
3 : [298 183]
time: 0.3048040920002677


0 : [0, 0]
1 : [208 286]
2 : [585 211]
3 : [294 184]
time: 0.18090616100016632


0 : [0, 0]
1 : [205 286]
2 : [583 212]
3 : [291 184]
time: 0.1443882429994119


0 : [0, 0]
1 : [203 286]
2 : [581 212]
3 : [289 184]
time: 0.17988567500106


0 : [0, 0]
1 : [200 286]
2 : [579 212]
3 : [287 183]
time: 0.15008911800032365


0 : [0, 0]
1 : [198 286]
2 : [577 212]
3 : [285 183]
time: 0.1359004219993949


0 : [0, 0]
1 : [198 286]
2 : [577 212]
3 : [285 183]
time: 0.1758678370006237


0 : [0, 0]
1 : [196 286]
2 : [575 212]
3 : [283 183]
time: 0.1690806730002805


0 : [0, 0]
1 : [195 286]
2 : [574 213]
3 : [282 183]
time: 0.26152402899970184


